43 60
37 19 39 3 8 45 12 49 15 30 27 4 21 9 33 18 44 36 5 22 14 11 46 23 0 17 40 6 41 32 1 10 38 7 29 16 42 47 2 34 43 20 48 
37 36 2
37 47 3
37 38 5
37 27 8
19 18 8
19 29 8
19 9 4
39 29 3
39 38 4
39 49 7
3 2 2
3 4 3
8 18 3
8 9 2
8 7 3
45 46 3
45 44 2
12 2 4
12 11 5
12 22 4
49 48 3
15 16 2
15 14 7
15 5 2
30 20 1
30 40 2
27 17 4
4 14 5
4 5 4
21 11 8
21 20 9
21 22 8
33 43 4
33 23 8
33 32 5
33 34 4
18 17 8
44 43 5
44 34 5
36 46 7
5 6 3
22 23 1
22 32 3
11 10 3
11 1 8
46 47 2
0 10 4
0 1 3
17 16 9
17 7 9
40 41 8
6 16 2
6 7 7
41 42 6
32 42 5
1 2 7
10 20 6
38 48 2
42 43 3
47 48 7
