181 294
67 186 32 136 196 94 93 99 98 140 35 143 102 108 165 4 170 9 76 146 105 111 127 157 132 57 34 153 79 198 80 95 21 43 122 48 69 6 11 107 20 23 189 167 13 172 179 18 16 22 188 89 25 70 47 52 137 114 159 118 96 15 101 123 42 128 24 190 149 86 85 91 90 27 152 191 37 134 133 59 138 100 155 1 160 103 142 68 124 26 71 87 92 195 74 193 39 40 61 164 3 162 169 8 177 46 194 192 38 5 10 72 117 53 139 58 75 183 62 181 148 129 106 151 110 7 166 12 171 17 176 154 113 119 158 120 135 141 180 82 185 144 29 125 51 130 147 77 175 14 173 19 178 60 115 41 36 184 63 182 28 84 66 31 156 0 30 97 187 33 199 78 197 55 163 2 161 64 45 131 50 
67 66 2
67 87 6
67 68 1
67 47 1
186 185 4
186 166 5
186 187 4
32 33 7
32 52 6
32 31 4
32 12 4
136 135 7
136 137 8
136 156 2
196 176 7
196 197 6
196 195 9
94 95 7
94 74 3
94 93 4
94 114 8
93 92 4
93 113 9
99 119 1
99 98 2
99 79 2
98 78 1
98 118 8
98 97 2
140 120 2
140 160 4
140 141 8
35 36 3
35 34 8
35 15 4
35 55 5
143 142 8
143 163 2
143 144 8
143 123 9
102 101 4
102 122 8
102 82 2
102 103 6
108 128 7
108 107 3
165 185 6
165 166 7
165 164 5
4 3 2
4 24 7
4 5 3
170 171 2
170 169 3
170 190 1
9 10 3
9 8 4
9 29 7
76 75 6
76 77 4
76 96 8
146 166 2
146 147 7
105 125 9
105 85 9
105 106 1
111 110 4
111 91 4
111 131 9
127 128 6
127 107 6
127 147 8
157 158 2
157 177 2
157 137 8
157 156 9
132 133 9
132 152 6
132 131 8
57 37 4
57 77 1
57 58 9
34 33 4
34 14 3
153 133 8
153 152 1
153 154 5
153 173 3
79 59 3
79 78 5
198 178 4
198 199 6
198 197 2
80 60 2
80 100 4
95 115 3
95 75 8
95 96 9
21 20 8
21 41 9
21 1 8
21 22 1
43 23 5
43 63 4
43 42 9
122 142 5
122 123 6
48 28 2
48 68 4
48 47 5
69 68 3
69 70 8
69 89 7
6 26 2
6 7 4
6 5 3
11 10 8
11 31 5
11 12 2
107 87 2
107 106 5
20 0 4
20 40 4
23 3 5
23 24 3
23 22 9
189 188 5
189 169 2
189 190 9
167 166 8
167 187 6
167 147 7
13 33 3
13 14 4
13 12 3
172 171 4
172 152 6
172 192 9
172 173 6
179 178 5
179 199 9
179 159 4
18 19 6
18 17 5
18 38 9
16 36 2
16 17 5
16 15 3
22 2 8
22 42 6
188 187 7
89 90 4
25 45 3
25 26 7
25 24 2
25 5 6
70 90 4
70 71 6
70 50 5
47 46 1
47 27 3
52 51 3
52 53 7
52 72 2
137 138 2
137 117 6
114 115 1
114 113 6
114 134 8
159 158 4
159 139 5
118 117 8
118 138 4
118 119 5
96 97 2
15 14 9
101 100 4
123 124 4
123 103 1
42 41 7
42 62 8
128 129 2
128 148 2
190 191 3
149 169 7
149 129 5
149 148 4
86 87 9
86 66 4
86 85 3
86 106 6
85 84 3
91 92 3
91 90 2
91 71 7
90 110 8
27 28 7
27 26 6
27 7 3
152 151 6
191 171 7
191 192 8
37 36 7
37 17 1
37 38 7
134 133 2
134 135 5
134 154 3
133 113 1
59 39 6
59 58 6
138 158 3
138 139 4
100 120 7
155 175 8
155 135 2
155 154 6
155 156 2
1 2 2
1 0 4
160 180 6
160 161 9
142 162 8
142 141 3
124 125 2
124 144 1
26 46 7
71 51 9
71 72 3
92 72 8
195 194 7
195 175 3
74 75 2
193 194 9
193 192 4
193 173 3
39 19 2
39 38 5
40 41 7
40 60 2
61 41 3
61 60 8
61 62 2
164 163 5
164 144 2
164 184 1
3 2 5
162 163 1
162 161 3
162 182 3
8 28 8
8 7 6
177 178 2
177 176 5
177 197 2
46 66 9
46 45 6
38 58 7
10 30 8
117 97 4
53 33 6
139 119 3
58 78 9
75 55 1
183 163 1
183 184 9
183 182 6
62 82 5
62 63 8
181 180 3
181 161 6
181 182 6
148 147 8
129 130 6
151 171 8
151 131 2
110 130 7
176 175 6
176 156 7
158 178 8
135 115 9
141 161 4
185 184 4
29 28 9
29 30 1
51 31 3
51 50 3
130 131 7
77 78 2
77 97 2
63 64 4
84 64 7
31 30 4
30 50 9
