697 1137
127 271 376 179 782 300 778 261 208 112 635 9 356 290 354 557 680 584 118 625 479 506 709 83 67 590 204 428 469 16 539 537 580 418 783 621 488 502 369 193 383 570 154 728 611 769 334 238 332 665 535 39 533 677 722 560 443 267 601 484 482 45 189 683 296 566 739 257 607 751 218 341 672 302 263 171 155 774 196 770 415 200 104 1 145 444 282 405 46 110 684 701 59 697 8 353 156 634 775 117 771 384 398 185 519 146 427 230 548 31 726 259 417 60 288 462 249 73 436 274 477 331 760 664 294 38 772 676 721 545 255 239 733 426 360 163 510 284 188 391 389 619 137 647 338 541 568 609 490 74 51 689 574 615 119 453 642 0 523 521 564 148 402 109 763 486 367 138 222 793 23 352 251 235 694 52 276 690 173 317 280 184 707 241 65 719 202 266 286 30 764 247 231 725 139 180 794 88 632 129 593 556 554 37 675 464 94 638 425 599 507 470 111 646 339 337 140 618 101 368 382 313 503 130 194 397 411 744 214 278 756 641 785 15 319 653 797 440 243 227 44 268 471 165 309 176 446 699 57 711 420 258 22 529 223 410 494 172 375 373 786 80 798 603 121 324 322 525 29 86 447 700 58 696 103 432 315 473 132 36 237 264 438 787 161 305 799 122 186 387 270 7 311 645 336 219 742 260 738 301 714 168 72 515 49 513 636 250 474 597 755 640 544 14 558 652 345 215 359 788 626 749 123 390 164 388 511 509 616 790 577 540 538 663 21 448 622 409 233 583 50 114 491 612 705 95 79 573 717 520 323 307 321 124 28 602 229 779 297 487 791 178 381 262 303 330 211 35 252 455 293 706 160 64 718 41 404 242 6 644 207 780 776 741 737 512 395 393 594 655 13 157 651 225 559 42 106 190 87 71 416 299 457 662 20 658 221 152 422 113 396 170 394 517 371 720 624 254 158 732 761 585 295 439 773 546 320 669 203 27 630 244 468 591 285 429 56 710 499 687 620 458 743 528 542 329 343 610 34 768 729 374 372 495 159 493 762 600 403 524 108 522 5 149 643 606 217 98 712 182 291 115 12 650 213 240 144 281 105 365 246 150 724 287 765 661 19 657 754 48 592 475 633 516 514 735 77 731 715 424 598 639 668 26 547 430 151 629 766 379 377 141 328 232 342 209 33 476 90 314 451 174 78 492 716 681 505 55 199 693 466 400 283 107 441 4 205 349 136 406 579 97 767 380 501 608 142 569 423 530 11 649 614 452 413 682 746 40 758 483 481 604 442 565 69 723 526 660 18 656 792 753 143 392 195 92 316 133 224 667 201 25 679 306 166 47 191 685 99 220 674 128 32 555 89 553 596 434 637 795 504 134 518 385 399 748 586 789 3 627 350 348 551 549 576 686 750 459 500 498 703 61 312 582 449 273 623 10 234 648 357 531 784 414 318 572 796 745 135 279 613 757 386 480 187 361 84 308 562 431 125 269 216 659 17 527 671 460 421 62 489 91 75 534 212 335 333 120 24 563 81 364 362 485 126 407 740 736 781 777 673 472 275 433 76 695 53 197 691 304 478 747 759 2 226 347 310 
127 126 4
127 128 7
127 87 4
271 231 9
271 311 1
271 270 7
376 416 4
376 336 5
376 377 9
376 375 1
179 180 1
179 219 8
179 178 7
179 139 9
782 783 6
782 742 4
782 781 4
300 299 1
300 301 4
300 260 8
778 777 1
778 779 2
778 738 5
261 221 1
261 301 6
261 260 3
261 262 7
208 209 5
208 207 7
208 168 8
112 113 5
112 72 9
112 152 8
112 111 6
635 634 6
635 675 4
635 636 1
9 10 9
9 8 8
9 49 8
356 316 1
356 396 3
356 357 2
290 291 2
290 250 8
290 330 2
354 314 9
354 353 8
354 394 1
557 556 1
557 597 1
557 517 2
557 558 3
680 640 6
680 681 1
680 720 3
584 544 8
584 583 2
584 585 6
584 624 8
118 158 7
118 78 4
118 117 9
118 119 4
625 626 7
625 665 2
625 585 2
625 624 8
479 478 8
479 519 3
479 439 7
506 466 7
506 546 8
506 507 2
506 505 6
709 749 1
709 710 6
709 669 6
83 84 1
83 123 1
67 27 5
67 107 3
590 591 2
590 630 6
204 244 2
204 164 6
204 205 1
204 203 8
428 388 1
428 427 4
428 429 6
428 468 7
469 470 3
469 509 4
469 429 6
469 468 5
16 56 9
16 17 7
16 15 2
539 540 5
539 538 3
539 499 2
539 579 8
537 577 5
537 538 4
580 540 1
580 620 1
580 579 4
418 417 4
418 458 5
783 784 8
783 743 8
621 620 1
621 622 8
621 661 7
488 487 8
488 448 6
488 528 6
488 489 1
502 503 6
502 462 4
502 501 3
502 542 6
369 368 3
369 409 6
369 329 5
193 233 4
193 194 2
383 384 9
383 382 6
383 343 3
383 423 7
570 610 7
570 530 4
570 569 9
154 194 1
154 155 8
154 114 1
728 729 7
728 768 3
611 610 1
611 651 9
611 612 8
769 729 8
769 768 4
769 770 2
334 294 7
334 374 2
334 335 8
334 333 1
238 239 1
238 237 9
238 278 7
332 331 3
332 372 3
332 333 3
665 664 3
665 705 8
535 495 6
535 534 9
39 38 9
39 79 1
533 573 3
533 493 8
533 534 3
677 717 7
677 637 5
677 676 9
722 721 5
722 723 2
722 762 1
722 682 5
560 520 7
560 600 3
443 483 9
443 403 3
443 442 2
443 444 6
267 307 1
267 266 8
267 268 5
267 227 3
601 602 8
601 641 4
601 600 9
484 524 8
484 485 8
484 483 9
484 444 1
482 442 2
482 522 6
482 483 5
482 481 9
45 46 9
45 44 2
45 5 2
189 190 9
189 188 1
189 229 8
189 149 2
683 643 8
683 723 5
683 684 2
683 682 3
296 336 3
296 295 9
296 297 3
566 565 9
566 606 3
566 526 3
739 740 4
739 699 6
739 779 2
739 738 5
257 297 3
257 258 4
257 217 7
607 647 6
607 606 6
607 608 2
751 791 6
751 750 1
751 711 2
218 217 8
218 258 3
218 178 3
218 219 1
341 381 4
341 301 2
341 342 1
672 712 8
672 673 8
672 671 2
672 632 8
302 301 5
302 303 6
302 342 7
302 262 6
263 264 8
263 223 8
263 303 4
263 262 1
171 211 8
171 172 7
171 170 3
155 195 1
155 115 2
155 156 8
774 775 3
774 773 2
196 197 5
196 195 1
196 156 2
770 771 8
415 455 5
415 414 1
415 416 7
415 375 9
200 201 6
200 240 9
200 160 4
104 105 9
104 64 9
104 144 6
104 103 4
1 2 4
1 0 4
1 41 5
145 105 2
145 144 8
145 146 1
145 185 9
444 404 2
282 283 7
282 242 5
282 322 3
282 281 9
405 404 2
405 406 6
405 365 7
46 86 6
46 6 1
46 47 8
110 150 8
110 109 5
110 111 4
684 724 5
684 685 3
684 644 1
701 741 3
701 700 4
701 661 6
59 19 1
59 99 5
59 60 8
59 58 8
697 696 2
697 737 1
697 657 8
8 48 1
8 7 9
353 352 2
353 393 5
353 313 4
156 157 5
634 674 2
634 594 9
634 633 2
775 776 1
775 735 6
117 157 8
117 77 8
771 731 9
771 772 4
384 424 8
384 385 7
398 397 8
398 438 4
398 399 6
185 225 4
185 186 1
185 184 6
519 518 5
519 559 4
146 186 5
146 106 6
427 387 9
427 426 5
230 190 4
230 231 1
230 229 6
230 270 4
548 549 1
548 547 5
31 32 2
31 30 5
31 71 2
726 766 2
726 686 1
726 725 2
259 299 3
259 258 7
259 260 1
259 219 1
417 457 8
417 377 5
417 416 3
60 61 9
60 20 7
288 328 8
288 287 2
462 422 1
249 250 6
249 209 5
73 72 2
73 113 4
73 33 3
73 74 3
436 396 9
436 476 5
274 314 1
274 234 1
274 273 3
274 275 6
477 478 7
477 517 1
477 476 6
331 330 1
331 371 8
331 291 7
760 761 7
760 720 6
664 663 6
664 624 6
294 293 4
294 295 4
294 254 4
38 78 2
38 37 6
772 732 7
772 773 7
676 675 8
676 636 1
676 716 6
721 761 9
721 681 8
721 720 8
545 585 5
545 546 8
545 544 4
545 505 1
255 215 8
255 295 7
255 254 5
239 199 8
239 279 2
733 732 1
733 773 2
733 693 8
426 425 7
426 466 5
426 386 6
360 320 4
360 361 6
360 400 3
163 164 4
163 203 8
163 123 8
510 511 4
510 470 1
510 509 4
284 283 6
284 285 2
284 244 4
284 324 5
188 187 1
188 148 8
391 392 8
391 390 5
391 431 2
389 429 4
389 390 1
389 388 6
389 349 6
619 618 6
619 659 7
619 620 5
619 579 2
137 97 5
137 136 2
137 138 2
647 687 8
647 648 9
647 646 6
338 339 5
338 337 9
541 540 7
541 501 8
541 542 8
568 528 2
568 569 4
568 608 6
609 610 7
609 649 9
609 569 5
609 608 9
490 530 7
490 491 7
490 489 2
74 34 7
74 75 8
74 114 7
51 11 1
51 91 1
51 52 2
51 50 1
689 729 3
689 649 9
689 690 5
574 573 9
574 614 9
574 534 7
615 655 9
615 614 6
615 616 8
119 159 7
119 79 6
453 493 3
453 413 2
453 452 9
642 643 5
642 602 4
642 641 6
642 682 4
0 40 4
523 524 1
523 522 1
523 483 5
523 563 3
521 522 5
521 520 5
521 481 4
564 565 5
564 524 9
564 604 3
564 563 6
148 108 9
148 149 1
402 403 8
402 442 5
402 362 7
109 108 7
109 149 3
109 69 5
763 723 4
763 762 8
763 764 3
486 487 7
486 446 1
486 485 3
486 526 4
367 368 4
367 407 2
138 178 1
138 139 5
138 98 4
222 182 4
222 223 7
222 221 1
222 262 3
793 753 6
793 792 4
793 794 4
23 24 2
23 22 8
352 392 8
352 312 3
251 291 5
251 250 9
251 252 2
251 211 1
235 234 9
235 195 8
235 275 7
694 693 5
694 695 3
52 53 8
52 92 3
52 12 7
276 316 5
276 275 9
690 650 9
690 691 3
173 174 7
173 172 9
173 213 9
173 133 4
317 316 9
317 318 4
317 357 8
280 240 7
280 320 7
280 281 2
184 144 4
184 224 4
707 667 8
707 747 7
707 706 5
241 240 3
241 281 4
241 242 1
241 201 2
65 64 6
65 105 7
65 25 5
719 718 5
719 679 7
719 759 2
202 201 8
202 242 6
202 203 1
266 306 2
266 226 6
286 285 3
286 287 9
286 246 3
30 29 7
764 724 3
764 765 7
247 207 8
247 287 1
247 246 1
231 191 3
231 232 3
725 724 8
725 765 9
725 685 9
139 99 1
139 140 4
180 220 6
180 140 2
794 795 8
794 754 5
88 89 4
88 48 1
88 128 9
88 87 5
632 592 9
632 633 9
129 89 9
129 128 1
129 130 7
593 592 1
593 594 4
593 633 5
593 553 2
556 596 9
556 516 7
556 555 7
554 553 2
554 594 2
554 514 5
554 555 3
37 77 7
37 36 1
675 674 5
675 715 7
464 424 6
464 504 2
94 134 6
94 95 2
638 637 3
638 639 5
638 598 1
425 385 7
425 424 4
599 559 9
599 639 4
599 598 1
507 547 1
470 471 2
470 430 6
111 151 3
111 71 4
646 606 9
646 686 2
646 645 3
339 379 4
339 299 8
337 336 1
337 377 1
337 297 8
140 141 3
618 658 3
101 141 7
101 61 9
368 328 4
382 381 7
382 422 3
382 342 2
313 314 9
313 273 5
313 312 7
503 504 9
130 170 3
130 90 1
194 234 2
194 195 4
397 396 6
397 357 1
411 371 9
411 451 9
411 410 8
744 745 8
744 784 5
744 743 1
214 174 7
214 215 4
214 213 2
214 254 2
278 279 6
278 318 2
756 716 1
756 755 4
756 757 6
756 796 5
641 640 6
641 681 9
785 745 2
785 784 2
785 786 8
15 14 4
15 55 5
319 359 8
319 279 8
319 318 1
653 693 4
653 613 3
653 652 7
797 798 6
797 757 5
797 796 7
440 441 7
440 400 7
440 480 2
243 283 7
243 242 1
243 244 3
243 203 9
227 226 8
227 187 3
44 84 7
44 4 3
268 269 3
268 308 1
471 511 2
471 472 1
471 431 1
165 166 6
165 164 2
165 205 3
165 125 9
309 269 8
309 308 3
309 310 5
309 349 7
176 136 2
176 216 2
446 447 7
446 406 4
699 659 4
699 700 6
57 56 9
57 97 7
57 17 2
57 58 2
711 712 6
711 710 4
711 671 9
420 380 3
420 421 7
420 460 2
22 62 8
22 21 5
529 569 9
529 530 8
529 528 1
529 489 2
223 224 6
410 409 4
494 495 5
494 493 3
494 534 9
172 212 9
172 132 7
375 374 2
375 335 6
373 413 7
373 374 8
373 372 9
373 333 8
786 787 3
786 746 4
80 81 7
80 40 9
80 120 7
798 799 4
798 758 2
603 602 3
603 643 7
603 604 8
603 563 7
121 81 5
121 120 3
121 122 3
121 161 5
324 323 4
324 364 8
322 323 9
322 321 9
322 362 4
525 524 9
525 565 1
525 485 9
525 526 7
29 69 7
29 28 5
86 126 5
86 87 7
447 487 9
447 448 3
447 407 2
700 740 7
700 660 9
58 18 2
58 98 8
696 736 3
696 656 9
696 695 5
103 143 6
432 433 6
432 392 7
432 472 2
432 431 1
315 314 7
315 316 5
315 275 5
473 433 1
473 472 2
473 474 5
473 513 2
132 92 7
132 133 1
36 35 2
36 76 3
237 197 5
264 224 5
264 304 4
438 478 6
438 439 3
787 747 9
787 788 3
161 201 6
161 160 5
305 306 5
305 345 6
305 304 2
799 759 5
122 123 4
186 226 3
186 187 3
387 347 3
387 388 5
387 386 2
270 269 4
270 310 7
7 6 2
7 47 9
311 310 2
311 312 2
645 685 2
645 644 8
336 335 3
219 220 7
742 741 1
742 743 4
260 220 9
738 737 5
714 674 1
714 715 1
714 754 7
168 128 5
72 32 5
72 71 6
515 555 9
515 516 4
515 514 5
515 475 7
49 48 3
49 89 5
49 50 2
513 553 3
513 514 1
513 512 8
636 637 8
636 596 1
474 514 2
474 475 1
474 434 1
597 637 4
597 596 2
597 598 3
755 715 9
755 795 9
755 754 7
640 600 3
544 504 2
14 13 9
558 518 9
558 559 2
558 598 2
652 651 3
652 612 8
345 385 4
215 216 8
359 399 7
788 748 3
788 789 9
626 627 6
626 586 6
749 789 4
749 748 6
749 750 8
123 124 3
390 430 3
390 350 3
164 124 2
388 348 3
511 551 7
511 512 2
509 549 3
616 576 2
616 656 9
790 791 7
790 750 9
790 789 3
577 576 8
540 500 9
538 498 7
663 703 6
663 662 9
663 623 4
21 61 4
21 20 2
448 449 7
622 662 3
622 623 8
622 582 8
409 449 7
233 273 1
233 234 5
233 232 9
583 623 3
583 582 6
50 10 7
50 90 9
114 113 7
114 115 6
491 531 7
491 492 3
491 451 5
612 613 9
612 572 6
705 745 3
705 706 6
95 135 6
95 55 8
79 78 4
573 613 2
573 572 2
717 757 9
717 718 9
717 716 8
520 480 5
323 283 3
307 306 1
307 347 5
307 308 5
321 320 1
321 361 1
321 281 1
124 84 9
124 125 6
28 27 6
602 562 1
229 269 4
779 780 1
487 527 4
791 792 4
381 421 6
381 380 9
303 343 2
303 304 3
330 329 5
211 212 8
35 34 6
35 75 6
252 212 5
455 495 9
293 333 8
706 746 7
160 120 6
64 24 9
718 758 6
41 40 3
41 81 6
41 42 8
404 364 2
404 403 5
6 5 1
644 643 2
644 604 5
780 740 4
780 781 8
776 777 1
776 736 7
741 740 7
741 781 9
737 736 7
737 777 2
512 472 7
395 396 5
395 394 8
393 392 7
393 433 4
393 394 8
655 656 3
655 695 4
13 53 7
13 12 4
157 158 8
157 197 6
651 650 7
651 691 9
225 226 2
225 224 6
42 2 8
106 105 8
106 107 3
190 191 6
190 150 1
87 47 7
457 458 9
662 661 7
20 19 9
658 659 3
658 657 5
221 220 5
152 151 8
422 421 5
422 423 6
394 434 7
517 518 1
517 516 4
371 372 3
624 623 3
158 159 1
732 731 9
761 762 7
585 586 4
295 335 8
439 399 6
546 586 6
546 547 3
669 629 1
669 668 1
27 26 6
630 629 5
591 592 7
591 551 7
429 430 4
56 55 1
710 750 6
499 500 2
499 498 1
499 459 1
687 686 6
620 660 1
458 498 5
458 459 3
743 703 8
528 527 2
542 582 2
329 328 3
343 342 7
610 650 5
34 33 2
768 767 6
374 414 1
159 199 9
493 492 1
108 107 1
522 562 5
5 4 4
149 150 7
217 216 8
98 97 6
98 99 1
182 142 5
115 75 7
12 11 9
650 649 6
213 212 7
144 143 8
365 364 2
150 151 1
724 723 5
765 766 7
661 660 9
19 18 8
657 656 8
754 753 5
48 47 3
475 476 3
633 673 8
516 476 9
735 736 4
735 695 5
77 78 5
77 76 5
731 691 1
715 716 9
424 423 7
639 679 4
668 667 2
26 25 6
430 431 5
151 191 5
766 767 4
379 380 6
141 142 2
33 32 5
90 89 2
90 91 6
451 452 5
174 134 9
492 452 5
681 682 5
505 504 4
441 442 5
441 481 6
4 3 5
349 350 1
349 348 9
136 135 4
406 407 1
501 500 5
608 648 6
142 143 4
530 531 9
11 10 6
649 648 9
614 613 3
413 414 7
746 745 7
746 747 2
758 757 6
758 759 8
481 480 8
526 527 9
660 659 8
18 17 5
92 91 1
133 134 7
667 627 9
25 24 6
166 126 3
685 686 1
674 673 2
434 433 6
795 796 3
134 135 9
518 478 8
385 386 9
748 747 8
3 2 7
350 310 4
348 347 2
348 308 1
459 460 6
500 460 9
61 62 6
449 489 8
361 362 6
562 563 5
125 126 4
75 76 7
