1000 38
8269 9829
6053 34
4313 5902
7275 1410
5512 759
6897 4162
8136 9317
192 4140
3547 7221
703 105
7858 4421
4966 2764
3766 2160
1304 9353
1074 5864
395 5698
8317 2356
8230 1203
9577 9723
7288 8334
9145 1802
4790 2431
4976 3371
4645 276
3562 7115
675 1501
3269 5081
2752 9774
7665 9536
9780 3964
9412 7476
5757 9473
422 8196
6860 8717
5200 2617
3511 5714
633 4935
4624 2962
1025 6135
1518 1194
4311 3416
8861 2583
142 9077
9259 4963
9575 8763
6063 351
7487 8245
6798 9614
5221 8418
4732 9851
4497 4496
5129 851
641 948
5102 520
2100 3679
7065 4997
8988 507
8586 8706
186 2091
854 9806
4833 2741
7674 9835
5215 1337
7370 9555
2883 3368
9292 8293
7987 5851
2908 3917
2344 3190
9469 6335
6168 4027
6665 6103
5481 3104
3260 2596
8127 3528
7852 8094
264 2294
2996 3013
1996 2052
5504 6090
7206 5749
1707 9987
5437 2171
7721 4256
4345 2702
6590 2834
1067 6770
4183 634
6494 5367
1405 6997
5038 6745
4585 4628
6907 2458
6594 1762
1216 8816
5714 3563
411 1743
6323 9515
7281 3405
4331 7434
9632 5106
1590 899
8301 6808
2904 3764
5700 1902
3589 6723
2814 497
7398 7474
3975 8777
6658 7420
1744 4835
4000 7907
5035 2101
1153 1696
6338 213
569 3160
5820 6392
2579 3459
7812 9796
1637 8341
1078 8373
1796 542
1248 1035
1115 5847
2193 5147
3241 8809
5023 7258
1472 9759
4548 7699
6034 6307
280 9840
6904 2756
413 317
5981 1753
7442 5014
963 9456
9606 4144
7718 9093
3171 6822
3216 1291
7483 8633
5189 4101
3003 9703
6185 3416
8221 1211
6110 2092
551 1903
2270 4378
2871 424
174 6794
6644 9593
9899 2960
3421 1466
912 609
2061 3361
601 3792
6737 2136
5513 430
3805 8531
4779 5941
4502 4658
7086 4895
6534 960
8627 3751
4099 7901
7853 3157
3595 7007
8360 3234
6556 182
5874 4695
5061 959
746 5596
9214 3536
8509 4878
4266 7168
6111 8187
5383 3507
5454 3191
2206 582
8098 7613
415 4106
7728 2915
2343 8920
6895 5852
9835 1551
3292 313
3657 5778
8215 8448
6073 7438
6988 9057
7566 6770
5486 6329
6256 917
2714 401
8780 5899
6886 4592
9832 2805
3410 4329
7139 6042
8648 676
6969 6524
3202 4993
6696 9950
357 7218
6038 8547
3705 2672
5745 3176
5200 9756
2055 4942
6555 2619
5681 5840
2989 3185
3246 5542
6127 4390
5803 9136
2765 8945
3520 3798
6369 202
4384 5690
3898 9815
1823 4825
2032 4654
5812 3747
4127 8570
2106 6872
781 7996
2262 3944
2750 8268
1024 7114
6113 1184
2329 7011
9289 9553
7850 36
4413 107
9384 6263
6568 6932
3544 1901
7159 6441
8083 2789
6324 8259
9181 6690
4119 4175
7127 1042
4543 5717
7001 1396
107 4572
1492 3168
2627 2111
3834 6239
2953 8296
2633 8227
30 8993
8366 8758
1831 5600
2150 6981
6396 9926
2435 2194
3575 3765
6076 4528
8231 9533
5970 4738
3440 1278
1817 3549
8713 1550
3412 303
9883 2376
246 9695
9022 1886
8095 1983
7610 53
5449 4430
783 6330
5081 9113
6531 5429
8254 8158
1678 9535
7283 9359
5363 8053
9442 3862
8768 9219
1558 8828
3046 6321
4985 3616
6228 7683
8408 3890
9577 9566
8815 7330
9349 1663
950 8095
2701 2888
4004 7180
4143 9640
1345 7017
7833 8252
1056 6455
2394 7432
5678 6007
371 146
2791 9183
544 5691
652 5819
5736 7867
8053 6381
3364 7524
8479 3235
3581 2747
3255 2534
132 6282
6414 3516
7925 694
990 2629
3470 6104
562 487
9420 8024
436 7544
7546 449
5989 11
4717 5907
930 703
6620 9576
215 9724
607 1585
3143 7173
6886 483
2956 4332
9263 1678
5143 3060
2184 2061
8019 9788
1324 1194
8770 6352
9042 9733
3062 1418
1599 1400
6105 7267
6229 7688
1263 9381
3552 5649
8819 619
5508 8630
7899 8462
1124 5884
8666 1655
371 515
3694 2946
8361 4307
9492 8246
3605 8484
5836 6881
4280 2892
4856 5343
7075 4034
8563 7840
9727 4121
4320 3954
6629 4346
8543 2892
5282 2518
464 154
9667 425
717 7619
2729 4027
1423 3830
7268 1133
8021 6721
8279 2939
7527 4704
6938 1700
8407 5975
6252 564
131 9910
7838 138
3784 9896
6395 582
8188 4262
9389 3527
2758 5571
9953 3559
8613 6835
7772 87
1461 62
7705 6558
5737 8421
1347 620
4283 1528
3463 9984
9685 5570
8572 2170
9636 5752
4822 4141
9128 2565
1882 9489
717 693
7892 4422
9421 2930
6330 5910
8170 2455
2299 6083
4023 1142
9694 361
868 8995
6000 6380
2776 6333
5139 6163
2140 7678
7522 4511
2091 9558
3056 8944
6220 4531
6759 4960
4518 9027
7113 9597
4658 5190
7259 2626
9828 9779
6731 8282
701 5323
9589 7195
3231 1089
5922 6077
1310 9801
3551 2111
6231 1155
3087 4822
4100 4655
3867 5206
5381 4578
6768 9548
4970 5672
6484 834
8975 2884
1192 9950
6077 3404
3084 6629
709 186
8360 3547
3839 5213
853 4531
3923 208
1835 7324
9635 1001
1051 9973
5346 6708
4168 2310
3010 8245
1783 5800
9292 3882
1921 1316
6135 27
9129 5976
1591 9171
7410 1179
2748 6843
4167 6790
8696 1135
9712 7223
8565 9312
4107 3173
6549 4207
1817 8588
2954 6602
541 357
6095 4058
3426 3093
7671 4486
8286 9429
2656 295
2247 4678
8940 5743
1312 9776
1933 657
1304 7498
2372 1075
6342 3659
1387 3235
9357 8881
9991 8957
7242 8840
3234 2708
8441 3483
4585 9023
9819 8023
5838 5858
2201 2558
6089 8179
7046 6560
8469 3260
9574 3798
9654 738
7859 8613
5364 5856
2741 9613
6378 8391
5537 8448
203 6227
1685 9665
5233 3039
1456 3070
9238 6144
259 3946
1738 6702
626 6767
7448 7365
8684 4135
7113 454
4161 315
6081 3418
3553 7927
2368 1056
4206 6194
3179 6951
5178 4994
2129 3453
2953 1232
5091 8938
1802 1126
5613 302
9982 8889
1202 3336
7496 3695
8893 2944
6610 5469
5616 9150
924 7279
5125 813
464 3656
8270 5034
3105 6644
8305 7935
1506 5766
3812 11
52 1739
5112 6224
730 7932
7963 127
2885 4983
6700 4238
6329 3319
7916 3829
3966 6358
4304 3883
3788 188
824 2710
8840 3828
2513 11
4831 5329
1765 9155
5713 7403
1553 7596
899 2599
1266 4962
714 806
9653 5671
300 3656
8072 2016
7601 3697
8278 8997
6568 2138
8358 6642
1127 9284
8562 3291
9257 4548
2079 183
6641 7510
9604 4629
8432 2777
8607 6545
7587 6467
1882 9994
8899 892
4391 571
6029 9674
3253 6252
3866 7752
3412 6926
8653 9706
5261 2904
4774 5010
6762 5625
7252 4823
442 7065
4316 7150
3602 140
6568 263
5869 8404
3452 2066
5507 3764
8432 3602
1850 1211
2250 7750
9374 8009
5639 8314
173 3543
4880 6735
4742 7016
7421 6121
2706 1588
9581 5985
8791 6158
3532 8133
8933 1034
1388 2343
8932 6669
8433 1462
1075 7578
7116 8078
9355 641
9796 9088
5846 5724
7865 8181
1474 9777
8905 1916
1162 2739
365 7785
2886 1025
2130 2480
4532 26
7591 9344
1105 9774
6124 3367
8375 4313
7894 1644
1040 9466
8363 2139
5633 8099
6255 5703
2328 6291
2531 5961
5834 3163
5080 1251
9419 7464
7263 8710
1962 4183
9659 5647
700 7926
8505 2576
3932 3737
7232 9128
3262 1062
9202 9547
6137 1032
9614 5715
4318 8138
1702 7718
82 5587
6309 3234
7461 7618
8619 6053
4375 3367
214 9068
2762 2001
8562 1373
2139 8349
7208 3259
4132 6076
4845 7779
5902 5725
6088 1433
3564 1730
8018 5974
2448 9017
5484 9516
2532 1116
4838 2265
3895 6742
3263 8021
810 6460
4791 441
9587 4060
6341 9296
6901 1134
5863 9686
547 2214
826 9195
5165 2242
9013 4033
7655 7184
6903 7037
8590 2024
3492 5865
3836 6619
9416 2323
4277 9568
4462 3721
4709 6251
6597 9886
9179 5423
9385 4147
1264 318
2867 9689
3343 3714
3279 2727
2163 4853
3937 1022
5535 4871
5802 2928
4291 2543
3083 443
8964 7036
9756 3908
9478 7959
5811 786
287 8445
9712 2166
4938 9091
8868 9255
3092 8698
2107 387
7920 6481
8331 8865
8438 9661
9494 1043
8187 8933
4192 7714
7698 7024
5758 8902
817 8226
3701 5191
242 3869
2627 483
5978 5294
985 803
8449 6014
599 4863
2149 8108
9604 8449
602 2624
8225 4780
6446 6993
576 8967
6797 1699
8688 8615
2726 8348
6691 5656
5679 6459
200 9494
9565 594
6072 7360
1275 9571
1978 387
3689 4467
5123 2802
3421 1935
9282 407
4856 8161
2936 6381
2562 7300
137 8042
9562 9541
9315 8994
4994 5518
3630 814
462 3615
1991 3345
7857 381
3165 7744
1204 7037
8816 5364
3454 6128
3062 7662
6693 643
4507 5256
5736 3440
2310 6295
3630 9663
4392 7996
1498 9387
3226 4675
5922 1348
9376 1790
8142 3748
520 3235
6691 4833
2490 9119
6457 7716
6519 5310
9514 3797
8079 3474
1783 944
3497 9601
1770 2893
4241 5761
2636 6594
6543 7041
372 5289
952 4124
3872 7189
6822 6497
4222 9502
6591 1798
6301 4102
3862 1932
1259 9229
9983 1205
7332 1473
6308 1364
8176 6568
7263 202
9053 2034
8690 9689
4064 3507
7645 3775
9815 2739
195 6457
7748 9529
4603 1646
3824 682
1468 4349
4786 524
2212 8923
643 8555
312 9378
9284 7056
7717 9509
1468 4221
7699 9959
4229 3759
1192 1760
2005 2044
1588 9365
1982 5556
8372 8658
2836 1615
2325 5221
1283 4414
2925 8974
7439 4385
293 8972
8157 3136
1693 8300
682 7007
8244 9022
988 4330
4629 3728
4822 1461
7993 3490
5679 495
4889 3492
4393 5243
9829 9391
229 2726
7477 8878
3787 4954
3374 8062
625 5684
3854 3989
4068 968
212 4762
8642 1368
2907 8057
88 8568
5505 1835
2471 2965
7200 5132
4585 8489
1001 5185
1135 4743
93 9538
8287 2387
908 52
4810 2208
5448 5957
1844 1994
9854 6805
5396 5866
2073 7628
5463 9807
1512 6653
8854 5419
2918 7858
8774 1032
7881 3412
4230 676
6405 269
8892 1087
2143 3971
4389 680
9341 5928
13 509
2714 3004
6676 949
2030 48
4677 8460
6831 1413
3684 5266
3519 9535
3699 6573
8612 296
9400 9368
7399 9026
5714 6418
8354 1189
6826 4312
701 5160
9075 2827
3673 8068
3182 7831
7724 3839
1659 1783
9290 4223
4171 4890
8449 7996
7460 3491
698 1094
7268 3569
3588 2267
9437 145
7578 2052
4357 6253
4767 4605
173 4985
6071 5631
8335 6594
1876 9406
3202 3544
4683 3464
2273 402
4974 6462
9796 9857
3605 3493
22 9751
4281 5995
1522 4760
5445 4777
2454 5693
8140 62
2190 5664
3659 8076
2650 4120
382 8632
2435 4240
4057 2345
7110 5365
9053 3915
2334 2573
6402 6785
7548 7641
6941 5599
824 3427
4251 6348
3062 9493
411 7442
6573 2930
6775 7552
2812 5187
3516 2351
4813 5377
8110 7744
9959 6712
712 7020
6132 4780
6842 3718
9807 7673
642 4428
5395 7029
4088 9961
9509 5775
9969 1643
5980 4183
6781 9850
1545 2690
2948 2249
3747 7276
7044 7075
8875 9667
6205 7312
2245 2794
975 9542
737 4447
403 2017
3756 4548
6582 4823
3897 6506
486 2871
660 1415
549 9139
7986 1007
5546 6868
1428 9066
9330 701
8003 5265
8442 9934
9772 9317
1401 2422
8685 2447
238 6830
4190 3093
1382 3410
1769 8829
3343 8506
4660 395
5916 5040
7354 3305
1632 8992
3054 1626
9671 8618
8370 9069
1442 1213
8900 4254
2353 2840
