2500 760
9046 8468
8476 8546
9739 4989
7214 9643
9435 3648
1652 7093
4112 6317
8984 1617
8397 623
9265 9828
5251 2361
9684 79
8758 528
1975 6195
5883 1790
5763 801
5839 969
6523 9080
6173 9211
3023 3475
7266 9297
3523 5178
5537 5440
6383 9901
5211 5922
6888 3872
4530 1027
9611 7593
2236 9746
3723 7418
2415 5395
5255 1182
6137 57
2188 8355
8387 7585
9510 7883
9964 6721
2854 8033
8230 2732
5664 1709
5910 9088
5101 2233
8987 604
4798 9936
2275 9698
7313 6584
2609 241
7903 7900
6748 8691
8514 9518
4984 9597
4861 2378
9740 6817
6062 9806
821 1924
9890 6693
6320 1381
4428 7675
2932 8145
8725 3187
9537 4277
2689 8
1122 9014
519 6619
6836 9690
3026 7390
4641 7160
5074 160
8278 7794
9 2719
3118 3836
9968 2869
9104 1274
8566 7567
8648 7683
6149 6480
2152 1861
3781 5992
9689 6507
4776 5095
9873 7746
9913 2755
6570 2053
5932 3375
6437 3035
7361 9461
2026 6546
3161 5378
4879 6577
9567 3789
5724 5261
9406 5755
3547 5413
5108 3407
3755 7205
6499 2378
2424 3186
4589 8407
9651 5166
8666 8895
2828 6461
1177 2213
1145 8303
9434 882
9466 4108
6590 5056
135 6889
8359 2701
1116 286
2449 1912
7613 9425
787 1865
1775 4616
66 9014
1612 2954
8885 5935
672 798
6563 3573
6832 2779
8728 121
1611 9709
5490 7387
2728 7001
2103 8724
1982 2742
8162 9284
3835 6612
5980 8554
6543 8964
4776 8369
2865 8322
5545 9564
2530 194
3063 2732
1434 6047
1979 2171
6108 9104
3595 7713
6799 1461
2117 7873
2314 3983
7341 4781
7224 5305
2116 2131
8002 3495
2959 7112
4870 1933
7321 670
2954 9855
7187 6596
3665 8573
3259 3206
5732 1109
9086 3691
4330 9378
7588 1861
2532 9226
9333 6112
7776 3534
2341 2602
8319 4087
9387 6589
4992 4325
6698 7726
9970 1543
7014 929
8526 967
9735 9979
2962 5224
6918 3133
8971 9157
1164 9659
375 6311
5792 6628
1438 425
9737 831
8058 5609
1070 1609
3676 9674
6611 1928
4368 1394
7122 3302
7823 1264
4256 6375
1475 2881
4610 5124
260 4566
1676 1953
3480 5540
6331 6617
6185 2711
8011 1019
8610 3856
6971 2842
1270 7980
1915 8800
7884 7388
3153 766
3368 6688
486 4785
6905 2479
9693 880
7521 7784
1320 6122
4455 3981
5689 1647
8740 5259
2053 8254
1228 4247
9745 8836
741 3885
8851 9915
7607 4831
8974 1471
6177 8032
2497 1345
9144 952
1936 3304
9388 3434
8734 7409
3590 4613
1735 6799
1689 6138
2003 130
3426 2596
3570 5402
5008 6825
3317 7476
5730 4003
839 915
5548 7490
7419 5071
5444 3645
7381 1998
7578 3811
1627 5182
6888 3377
3248 9399
4016 7764
6903 2381
2531 2489
4456 5814
9730 2470
1144 302
7289 9334
7486 3192
2702 7688
8855 1095
8712 4609
798 3336
6065 6422
9195 5754
4080 6366
9776 675
8670 8755
4360 8951
8570 437
464 1191
7755 8084
6699 708
7926 2278
5203 4096
2835 1058
2901 1183
1779 5913
4357 7907
3930 3645
223 7526
1358 4410
9942 1826
4957 6652
3556 6374
3367 3538
142 3614
7334 244
7964 4296
2418 3807
9945 7050
3237 3165
8420 9972
1440 7688
8977 5129
6374 5682
246 7408
6206 4175
4043 6549
7024 2133
9183 681
6306 4090
2398 2393
3253 1008
7506 6580
9535 4084
7606 860
5531 6529
8222 2890
1779 9262
7950 2745
7182 4665
2538 985
4022 5185
1683 1963
9674 640
3313 7606
4538 5397
1846 1935
8372 7149
9954 4253
5784 3608
8751 7699
2085 7552
9145 4239
7426 4603
5279 6091
2768 8608
5233 9851
3578 4977
9368 1681
3226 6269
7777 2319
7051 5820
119 6648
8254 5260
2414 3862
320 98
1083 100
5698 2828
9740 5544
1837 4749
5387 1412
7710 2503
3675 1117
3108 2463
9386 9442
7779 6003
6503 8050
2545 8471
8116 6363
5654 3775
1365 438
9957 953
5185 3473
9130 5978
6471 3580
2563 4577
3324 4830
9664 256
3795 8014
8292 4494
5057 2638
3053 9281
6834 4120
181 4793
9272 6340
1963 4895
9358 7233
3394 2563
1453 71
4169 839
493 6310
265 9786
9604 3957
6875 5186
3074 1015
1075 5069
4481 5495
4191 427
7624 1109
6056 1347
8095 9967
4200 4619
4770 6134
5963 3511
2146 7565
6244 4040
8360 7537
1568 6677
847 7398
4889 5375
5876 8274
537 1816
9530 9053
6581 1914
6932 7832
4999 9207
7375 4990
7066 3779
8242 2766
6079 4849
4910 4752
6837 134
4834 4715
8737 589
8238 2572
3362 7452
6867 2077
1605 6687
2060 2740
9308 26
4941 4880
4899 3213
5218 9352
2056 5977
3695 4260
956 2384
6242 5243
9234 2256
3146 9160
3322 1282
115 1195
3240 7030
4849 8500
7092 8471
1911 690
117 4647
6821 1968
3002 5344
8975 339
5597 2743
931 9928
7353 6250
9562 539
9170 7922
2691 1961
9639 8174
1569 7460
5763 898
656 3466
8043 1645
5811 311
228 8220
9247 2073
7677 2232
9797 490
8628 7230
354 9749
9688 7254
6225 7800
2056 5287
5313 1969
4585 1757
7812 5745
3752 7101
5771 372
6554 2053
4769 9748
7333 1811
12 5525
9352 8010
540 640
9503 7055
2796 8695
4327 4248
9024 3379
2651 7192
994 8753
4275 6285
4006 3376
6918 4920
588 8458
1402 8497
8527 9434
4179 2925
3685 5643
8665 3561
9680 5534
635 6679
9288 8677
9257 5088
8720 5722
8190 4537
6609 703
2439 385
1666 5801
763 4999
3903 931
8694 3784
1074 4506
9200 9788
435 4882
8957 5517
8059 5481
1787 2802
4984 8361
5615 4362
8422 3162
6315 2068
162 354
9958 9466
7978 7144
5034 5367
1685 1394
6090 5735
3718 6320
3388 8076
5168 115
991 7810
7629 9882
7120 916
4742 7807
4280 2854
5673 3677
8061 6418
8148 6398
4903 1238
553 4613
566 1905
2667 1909
443 2300
7632 6958
6742 6032
1062 4312
8272 9619
6795 979
8464 7764
4629 4217
1206 6479
7304 7855
8822 4092
6107 1219
5202 3950
6626 4840
9013 40
5504 6704
261 5992
4256 211
7214 9728
3377 3093
72 7291
6893 2653
8538 7291
3522 2874
5255 3369
6560 3925
779 9104
256 4942
4066 4092
3899 4892
4387 669
1055 2511
9778 3265
27 9609
2477 4391
4273 316
8456 8679
7434 574
3027 5482
1414 5069
5346 8346
2943 4669
1760 1202
3251 3436
2274 6266
8305 5748
5420 2917
7755 1921
9223 4244
6349 3098
6463 8338
9468 6664
4747 4801
3629 1793
4892 3598
4556 7994
190 8261
5392 8936
1964 8842
5748 2335
2853 2978
4026 9902
3073 5552
7224 9893
2502 8059
9651 7359
2253 512
3186 538
821 1588
2908 3183
5022 882
1409 107
2512 9981
8913 7465
5112 6224
1424 3247
6320 2174
258 8520
5489 6412
1383 3793
8139 4278
1789 8078
2402 6340
357 1752
2858 6440
6422 9264
6140 9359
4042 3991
25 6599
8859 1380
6507 5746
8442 7803
5761 2329
465 7527
609 1050
5524 3068
8136 1230
6000 4863
8581 6365
4845 4488
6803 7833
7434 5027
6424 2659
5836 868
9963 7549
9000 1653
6271 5515
404 3643
5620 4885
9359 4418
6161 9964
2218 5480
3985 3734
8739 7505
8261 6588
5923 7307
1672 5593
7823 9866
2221 7317
6691 6128
1018 4475
7097 3234
629 551
9540 2443
8976 4868
9433 4452
9584 9430
3052 8623
4624 9042
7172 6604
546 3630
9645 6551
2444 8833
9100 5264
21 1614
1368 1604
8484 9400
5412 8573
8823 4610
2254 4352
4446 4296
5468 1130
1680 3600
3666 5279
8824 4599
4988 4104
4831 2744
6665 8702
7393 1745
3992 1563
8247 346
5271 866
1550 3118
5322 7296
3234 2658
8301 2169
8570 3570
1025 8503
8687 574
7327 9350
4370 7629
1393 2707
8840 1701
2289 5230
6171 6750
7259 8633
1301 9292
2353 4771
7688 6562
662 2534
6168 7698
2901 1448
9591 1715
8951 3241
2728 5822
5247 7473
3228 4941
2212 5414
7776 9945
3974 9042
3598 4526
1697 3785
3579 5011
5698 9801
5298 9181
6814 2465
9493 1500
7617 1758
8076 2717
2895 7424
7962 446
8718 6886
6946 346
3130 9354
6905 2093
6198 6867
3139 3944
3216 1449
1570 6909
6914 9388
7594 4225
2459 4650
2424 9476
2533 8701
6514 3886
3758 4740
8485 4298
4612 629
1877 1096
6200 9318
8973 2322
8023 5289
913 8177
4201 7825
6799 9209
7263 1360
9994 5126
5934 5777
5773 7667
5488 997
3375 3432
8691 3767
8204 4238
534 1864
4880 7417
9917 128
6444 9559
8645 457
664 8028
2980 5348
2088 1063
6710 2570
4976 6916
5453 8649
6924 4112
8698 6469
7919 6591
6821 6227
5625 7984
5447 7788
1478 5825
1962 1383
9521 4772
5645 282
4259 7232
4468 853
5176 674
3154 8106
6333 7074
5865 7431
6595 2234
4856 6373
438 1556
2614 3529
362 3868
7853 7838
8218 2900
3645 4571
4878 6675
1824 1509
9001 5029
7759 9567
9228 2823
2489 1786
2340 1664
300 4685
5396 5016
9640 2365
6426 9484
6084 2823
4742 6809
7603 5877
6467 698
7952 4547
6694 6507
2448 1789
3234 923
2372 7566
4522 4363
9710 7627
4838 5674
3595 7341
9029 7873
7963 9459
1057 5613
1369 2039
2132 9923
7511 7822
1593 2997
7212 2000
6127 6432
7946 7643
4870 6627
1941 8628
1249 9623
9437 6232
7240 3855
6631 6569
5485 5629
8500 9067
9818 9500
5897 6613
7840 5641
1621 3481
6532 5630
4315 6136
3960 6565
8462 6500
9494 9478
9868 4538
8992 6988
5896 1346
4315 6819
9175 7815
8825 5000
7342 2540
2367 128
3037 7341
6996 3465
3203 7447
4724 9116
9395 3223
3577 4882
2024 277
6140 5210
4321 4417
9858 1371
6361 1128
9051 7124
6523 2854
2713 1703
1702 7025
2265 103
3601 2655
8984 1357
2129 3124
7371 7036
6346 9195
8836 5740
7027 2426
148 3025
8953 5491
3498 7884
8717 7708
190 2098
8128 4736
5286 5109
7031 3206
9557 8180
9170 877
9024 7975
3178 5083
2973 472
4340 9868
7280 7043
216 6598
3199 6390
2386 178
1990 4745
708 5733
3695 1483
3454 56
7101 6322
9417 2676
8828 666
7668 1810
3275 6810
6544 2482
1795 4621
4584 5724
590 5968
6391 9739
4190 5740
2259 3454
9344 8711
9666 6024
2676 5151
394 8737
181 6566
4007 2048
178 9046
5669 3831
7481 2394
1173 2910
3032 7477
4605 5477
4291 3703
2308 9484
6568 2288
2436 4691
388 7832
221 8189
9814 8537
1568 5188
8029 7320
3378 2395
8751 2727
427 9389
5680 4501
1669 5638
8297 9026
9788 1679
4407 1163
9537 1194
597 9060
4406 3803
845 1431
261 7464
3453 9482
7 4056
8605 6590
6013 6790
5083 1754
3617 8026
20 3074
8980 5738
9298 3860
5723 1244
6248 8825
2713 8423
8435 2281
465 8599
6471 1602
574 4038
7028 511
3971 6020
1568 4787
203 6268
5385 1774
6279 6903
9911 560
9617 7011
8958 8070
2316 7212
1894 799
9092 7940
7716 8432
4006 6895
729 236
2116 7838
792 4132
9940 7569
3059 847
6976 1505
714 268
6368 1483
8556 4081
6330 2198
8491 4433
6810 7848
9754 530
3762 5897
3611 9835
414 5563
6180 3177
5135 6026
5248 6919
6952 4532
4764 4851
8223 4899
847 6551
9949 2508
638 8713
4078 7394
9154 3360
9281 5531
2530 9703
8431 6389
2917 8963
8001 3466
509 455
5375 5326
7875 4957
8714 8871
3368 5593
5794 4884
9563 4148
5205 9123
1488 4377
3234 7506
1847 6254
3512 2092
8870 953
7356 508
3541 5499
5952 6116
8598 3842
3760 1780
7861 7430
9162 9463
9159 1222
3418 8077
1551 3954
3254 5800
9097 840
7841 9625
2185 4884
7168 1965
8707 6047
6658 1407
8424 1073
9262 6519
355 126
7651 86
8127 6844
1550 2104
6200 1324
2769 8342
6340 3299
4547 2172
2569 409
4578 201
2783 8704
8241 9801
8784 7360
5832 3270
1111 5482
333 2886
6162 5783
1369 1652
6909 2574
4224 2151
2892 1244
7674 3501
6990 2794
6346 8208
3855 6696
8827 6614
4296 4408
7499 6296
4033 965
1780 9514
5552 9895
3679 7435
9110 9638
1708 7559
8849 105
2256 2463
791 1111
9873 5296
778 1614
8877 7315
976 82
3258 582
2265 8359
7706 7729
8819 6468
7645 1822
4639 377
3912 6832
775 8391
534 5541
4592 1501
5697 310
3682 1657
7704 210
3274 3189
1228 8993
5404 9296
3478 2598
6160 8335
822 2701
7415 1021
6286 8280
475 1245
435 8915
1853 4478
907 1301
3564 1964
220 3144
3563 3495
7614 1095
1747 1982
1902 4252
4124 2572
1512 1641
7908 9871
715 9924
3985 8700
6236 5565
9746 2036
2481 2974
7274 1976
3760 1361
8537 3451
6303 2684
7978 4631
2851 9824
3968 9918
1632 5972
7505 9721
1611 1207
6128 6748
2759 3054
5284 2572
1647 583
7091 9312
609 7271
5933 40
419 7299
1940 1205
6671 5990
4277 2888
5322 3315
2507 2714
9418 8155
4191 3684
2929 1238
2020 2272
4372 3702
9086 1717
276 2806
3836 8755
3924 2270
6326 92
2030 8573
2410 3228
5926 5902
5858 1354
9507 8687
9408 1901
5837 6393
2982 6901
7732 5681
4795 168
6839 1354
6407 5707
6494 7623
2709 4161
9405 3019
6410 3666
9357 8256
709 6826
5826 8947
476 3672
3578 78
5412 5571
5078 7543
4766 459
1966 3258
9525 3631
2745 4755
7848 7618
5803 6422
6599 5763
9367 9187
8875 9571
5860 2776
5729 5276
4464 3951
8737 1234
633 3949
5941 3546
781 7415
3453 3136
1506 1362
5113 6030
4375 8373
1743 734
8188 9822
5715 2929
3263 5338
9179 7936
9381 6120
5658 1129
731 834
1584 6021
5388 134
3042 100
3727 1816
5920 5046
4895 1416
3807 9055
9447 3125
6269 9489
1388 3401
3722 623
7466 121
4064 8234
6878 7762
9654 4718
2638 5469
726 4080
4314 368
4165 7341
9293 1538
5665 4287
7434 8553
8454 5754
2706 3539
3585 6924
5210 8307
4383 3941
4800 3532
2157 4560
1441 843
814 8693
9215 9419
2020 8288
6675 5816
7200 6085
3901 1514
6299 6037
9666 3400
9065 1334
292 6740
557 4910
5588 3743
5827 4680
6995 8458
9563 4784
4427 6469
3835 7631
7515 277
2256 6111
5950 1137
9594 2584
3313 4028
4665 3853
5536 3782
5114 2817
4007 947
8518 5183
5792 5739
8026 5658
8789 8092
4190 8631
2169 8077
6199 8337
3801 815
3664 1405
5625 6479
2653 8515
4088 2589
3127 8392
6486 2685
5983 4107
3330 9152
2008 1195
2418 1580
2277 4689
739 5374
6686 9088
3148 7208
9160 4615
5541 8578
9364 2123
60 6787
9925 8090
317 6580
9429 7855
6131 2106
5002 3102
4926 6559
55 1668
8991 4562
5202 8544
5491 3148
7229 3111
3552 4808
2251 3235
2325 4626
9813 6897
9026 6930
4044 1272
294 92
9665 4202
6200 3115
1681 413
1482 8491
669 7741
5469 1968
118 6963
4890 323
7064 3151
7751 7051
1650 4813
7821 6145
6935 2667
4637 8451
7142 7245
7860 8792
3147 9439
6141 4274
8921 4286
84 4561
8384 2306
5659 1909
7414 9113
4547 8894
3051 6356
6944 9089
8438 4171
8235 7841
7468 5542
5615 6755
8799 7234
4299 3331
5440 9582
5475 114
6568 4889
8085 3927
1293 5215
1364 8364
9956 2658
1679 9136
7816 9648
2492 3266
423 3079
3260 7430
2898 5212
1356 9917
551 2599
6090 8157
2205 6789
4378 703
8078 1856
6505 8623
7460 7581
7546 766
8610 5043
8492 5505
5997 832
7831 18
3706 4787
3265 3776
3759 3348
865 5871
9765 2942
6076 4424
1884 266
433 5615
2859 1492
8139 7647
6033 7677
7855 7828
6042 4259
6532 3595
7829 3012
1492 8668
6971 1427
6024 8109
5905 6778
362 3531
2156 3273
4748 5851
3099 9621
6778 3395
8640 7267
3392 2239
9151 7797
8982 6961
4774 5894
9099 9933
5753 1529
8269 5256
1269 1167
4701 4584
2257 3358
7349 450
7677 9018
8099 3848
7862 7325
1323 879
8402 9468
7701 3522
3809 9668
7330 339
1789 9838
129 4588
3281 4351
1111 6156
5156 945
1311 4417
3178 4551
3978 9766
8813 6860
2570 3431
2964 4518
7646 9264
3663 9229
9286 1276
438 8561
2829 971
548 5874
7556 2063
5885 942
7534 8236
1598 8018
2880 8073
3421 5427
4424 136
2499 9319
4261 9025
1816 8916
6789 9685
6229 8177
8794 7412
2109 6596
9668 1050
6848 8322
3900 4076
2563 5398
2018 7639
9342 4159
8936 2457
3966 7876
7573 3779
3557 4657
7480 9144
2440 7925
7300 3061
7622 1680
5385 5889
8888 1090
4096 9101
9463 1629
240 6569
8051 5814
7039 3421
3645 1893
2405 9770
162 7349
9765 1466
3972 5598
4155 4303
3032 5162
1260 3100
6063 7347
413 2456
6464 544
5139 2226
8915 3252
6647 9926
9328 3942
2342 6418
4298 1726
1988 2176
428 6035
1982 8661
1531 4939
2745 8178
1087 289
4387 1819
7383 9242
3577 5753
8277 8998
2654 9806
4668 5103
5461 1583
6435 9264
5471 5611
1589 131
5124 9255
7061 440
8794 5357
9623 1121
6578 6540
2508 6349
6772 4032
2218 8451
3705 6719
2629 3016
9016 8381
8329 5044
7285 2094
4843 3841
641 2092
5054 8728
8242 1641
8872 5675
3264 9181
4046 1397
3132 7127
6013 2488
5839 7660
1984 4020
3870 6241
8290 541
1723 2296
1491 1259
3706 9797
2955 8829
1371 3195
8423 9475
2064 6252
1281 7159
1651 132
7698 48
4138 5336
5426 5984
4655 1295
3898 5670
7730 6208
4427 1169
1992 6934
2395 1831
3785 4324
6932 6331
1874 165
2404 9368
9915 6639
3829 7665
6747 4341
3631 5679
1013 4270
2809 713
6937 265
988 3547
7512 1055
8037 7498
5781 8776
874 9545
1222 4776
1773 7247
6445 5990
837 2329
4906 1400
4767 9889
9246 5017
6938 9103
2927 5257
9442 955
3322 2685
2302 5689
8223 9205
8900 9058
8233 4312
7092 5552
507 3006
1134 6974
1108 2550
8961 5580
6616 8482
6725 3958
9970 4477
35 6863
4536 7872
4320 4390
762 2866
4258 1541
8978 5131
5326 8397
6202 4662
2854 9859
2299 7400
722 3104
6222 1810
2067 3193
3123 666
4541 6771
4949 9085
7585 9746
6437 1091
3906 7341
8455 9591
63 3161
8711 4882
2070 9951
3696 9105
5510 2038
3559 2944
8 4193
2824 5387
7366 2459
4618 3187
8392 1070
1425 9420
5862 7100
5646 75
2287 2114
7465 5322
5708 4010
2190 9610
6074 3460
4935 5032
7172 6990
412 9805
2141 8174
7171 5835
3096 6148
7075 7209
5349 7338
6515 698
5198 3320
7455 5141
8380 5733
4157 6682
8086 8613
6254 4585
6918 4545
1076 2120
7096 3369
3246 7822
188 408
6814 9422
6530 7822
762 4848
6168 6103
5929 3701
8728 9860
8068 1530
4341 4938
1264 3436
4343 7
5232 7651
1041 7648
2718 3918
3586 4341
9391 2941
4101 6567
9884 9122
386 3742
4095 9747
3789 5372
7586 2782
4731 3875
8292 9926
6262 2966
3557 2040
6983 6444
6205 8066
9783 4638
648 171
9697 8848
6275 3999
7277 121
1217 9253
3638 1256
4111 3964
6616 1539
5143 7429
2194 152
5340 3184
8140 2258
2694 5844
6410 9260
6442 5144
5284 5759
3794 6777
1383 8307
4018 4362
7457 8468
6386 7632
101 4636
1805 2308
9388 5827
3141 4761
5084 156
6836 2048
439 8705
8311 4015
6622 536
7476 3916
1428 4606
2558 453
9585 9242
3406 4985
8310 8410
425 6842
8630 6726
3862 140
2878 5868
7362 9420
8905 4095
5546 1342
7646 9132
1132 2352
2751 8047
2171 5417
3092 6843
6144 902
8485 8770
6611 7413
7817 6492
9970 1947
2262 3503
4431 9177
6737 1599
6218 2886
1128 7984
814 8804
2651 3753
3427 7668
4115 5093
1529 2491
9654 6894
5483 727
8429 5500
9877 7441
3104 5419
6643 2953
1874 5080
4660 6402
5191 5729
8221 8064
1315 6085
4049 1580
9291 2438
8273 9659
1665 2494
3141 2272
2045 37
7662 6737
9489 876
2438 5436
8874 4540
6075 928
2409 441
3066 8650
8508 8784
2964 6784
6804 3928
1771 4868
4153 8810
7132 4440
7603 1931
7771 8640
7305 4448
9651 813
4325 7304
1966 3993
6991 841
4823 2733
3783 6442
83 5304
1881 2979
9151 8921
5352 3482
7159 1032
807 327
9195 3419
6097 3897
6073 8637
5038 2894
2318 8919
2978 4964
2632 7577
449 2948
9039 7787
6681 6891
4059 479
9628 5595
2280 8565
1791 5739
7588 6092
8748 3238
9862 7150
3480 7569
7938 803
4713 3828
8251 4133
1012 8170
4677 1680
2104 4386
9776 1612
3622 9576
1367 567
9928 122
7889 2057
6993 606
3077 804
4653 9549
6693 6767
7965 6315
744 6123
7146 1729
4448 1221
86 4709
8184 6175
5848 9450
1012 6477
3110 6709
2422 8385
4223 2439
213 5806
9833 9871
4591 8108
559 8435
5184 4912
2225 1653
2677 1922
1793 791
747 4655
232 7715
7044 9040
6481 7240
7661 9455
1755 6561
4996 6631
9630 3783
7533 9302
2958 7740
8176 5263
581 6372
1164 8409
8588 4391
8388 8772
9783 3903
4164 4204
9095 5747
5521 1966
550 8962
2600 6373
3696 5049
9333 3325
8967 7082
7977 460
9739 7979
2385 1529
5204 3561
1344 6454
4179 4684
3374 9439
7042 435
5590 410
7100 6043
9481 7110
6228 9496
7430 4699
2632 5550
7561 7368
5418 3541
1061 4310
3362 8401
2925 1245
9378 9643
5031 9874
4032 2420
954 13
9309 4351
1736 4598
9639 9031
8228 5769
8908 7445
2686 5230
9719 1261
502 201
1291 5097
7082 6521
5219 7064
3311 2116
5446 9627
3724 758
5153 6977
3098 1103
1520 2716
1977 7232
4412 669
4501 3316
42 6129
9505 6806
7565 5439
8515 9747
5234 3379
5831 4879
3336 6412
1754 8497
382 9383
897 2124
2162 8640
1337 7242
2395 4458
4246 5429
5572 9947
4362 4874
348 6331
134 6571
6248 759
3208 7932
6267 678
3757 7935
3722 7767
5227 6076
5785 3626
4736 3747
3176 2795
6043 1041
3416 883
7041 2159
5555 6208
3784 5213
4371 3865
7960 4915
9405 6452
8617 3084
6308 9002
5194 1259
3533 3292
1636 8376
903 5372
9369 6625
3286 1751
105 9329
6086 6709
8994 4062
719 5197
8551 4660
8414 1808
1422 2682
7345 1254
1171 5309
7557 8267
7857 8796
6657 8703
9285 372
2047 6590
1273 3136
1250 9684
7455 9062
270 4736
5892 4399
8361 2599
8860 270
6233 864
7028 3644
1354 3868
6600 9202
2 3160
5742 4148
1717 9527
541 3703
9854 7502
9182 9982
287 3927
6491 8624
2318 1985
5750 3132
9610 3032
3312 2580
8401 5714
356 667
5051 6590
262 5414
5447 8139
1437 5010
5063 7295
8030 109
5712 6150
6010 3468
6285 576
1824 1400
2604 4354
6199 9520
8571 6112
5976 2469
641 7195
3815 873
9244 1697
4780 2938
5500 4695
7994 7247
5606 8083
1058 3168
7035 3220
4901 653
7816 2608
347 8217
8537 492
2976 5702
6917 8045
2285 8859
8626 8146
5194 3680
3945 3132
1188 2456
7197 4776
8309 9193
7772 1972
8360 5190
3547 7556
5451 207
338 687
6641 589
5572 3570
3067 1181
7040 4096
5417 3031
4909 4662
2316 3934
161 1228
2508 1046
5887 205
218 4805
5434 444
4729 3268
8885 8336
1835 2171
9965 7102
8296 3996
1988 5285
3259 2993
9414 1574
9532 8058
8820 9041
5508 853
344 6947
7848 7467
5073 9169
2665 9683
6187 5754
3029 5331
2756 3565
6461 161
3247 164
661 6188
363 2768
2353 3650
6310 5953
419 8004
8008 1887
7843 5219
6750 5250
5084 8212
8777 5804
7517 7972
994 8986
6815 4781
1813 1316
2741 4681
3172 9415
5453 7048
920 1002
181 2114
6372 3424
7867 811
3414 6530
9327 2601
5450 7533
6015 8112
2804 5222
9917 4077
7185 5578
9356 5526
8795 4183
374 852
5982 9940
3246 3364
5598 5627
326 4116
4424 1366
3246 1247
7978 6002
3544 4938
3713 4308
7793 2784
8845 5037
5946 9511
200 590
1522 2254
7121 4262
1777 709
6670 3752
4635 4029
7780 8798
1137 4432
6460 8687
1167 849
2266 6579
9140 686
9074 1039
6802 3655
1814 1458
3310 357
458 634
3797 3269
4087 9266
85 8673
8547 9337
2459 6621
5649 1434
5156 5660
1948 2497
8471 3538
7973 9471
4848 8256
1706 7697
1556 8586
3825 534
7499 8392
3254 2372
3245 5660
2445 7791
369 9405
3917 6750
1653 5815
8778 2779
456 7649
9779 8328
2025 5617
6695 1015
5320 4164
9783 5254
1915 8479
3713 2468
6541 1661
4540 7794
7925 3068
4393 1337
4536 8042
2593 4661
5734 141
8324 988
4499 588
760 6088
507 3026
4622 972
6528 7251
920 4481
2332 1405
1866 9558
5761 9168
9801 7878
7700 5126
7178 6059
5078 4207
2422 3324
9774 5381
871 3630
8994 227
7497 3798
2835 1612
1826 3412
9882 8175
534 2583
6563 781
3173 6842
6308 1533
821 1980
4001 5384
662 6760
693 9477
2805 240
1697 4912
5791 2682
7445 860
2069 8369
2650 4066
7797 2397
5834 4723
7031 5485
164 8219
2298 5643
6797 2814
3167 977
5419 8625
7629 5932
744 4267
8376 4870
1261 9848
4561 9638
6899 3787
2405 1734
8514 5851
5719 7075
2792 7483
7751 3379
5291 5082
321 6435
2326 3483
8557 4252
9463 6252
8381 5223
5005 3057
7991 9071
2902 3549
5577 9739
5352 4514
21 4202
6409 1438
9884 2008
7564 6478
9257 4786
922 5203
2994 1820
9184 2565
172 4553
3847 6310
6877 6086
1286 2450
6261 8072
2313 8675
6677 558
5650 6686
1030 9497
7949 7265
8693 5072
6698 4761
9360 9422
6479 6648
184 1678
4070 764
6556 1143
7609 781
4371 8196
4570 6831
4982 6414
7738 6084
4318 6671
1861 2290
7630 8267
8734 7726
3688 6907
4205 9849
3054 5341
6915 9578
1944 3993
4574 4356
4528 940
7649 1871
7073 4527
8148 3634
7207 399
755 781
4501 5402
6696 9122
3497 9011
7016 8076
5252 5070
6390 3746
1125 7269
9633 9037
1949 6181
8608 7060
1979 3086
1735 3829
4438 1108
9610 3404
5010 3849
9522 1733
7176 1236
9857 9261
697 5259
198 8772
7220 2020
4166 7787
1130 3879
210 5194
6282 4867
9473 1713
9260 8806
1948 7457
3607 2436
58 8072
2865 5074
2648 3130
2167 6897
6010 1140
5461 8179
8186 5614
975 8912
982 3397
5712 7127
197 7836
4846 5208
323 8185
8929 712
4890 4785
722 1797
3256 9303
8526 8934
5001 3861
4665 2750
7707 2007
1792 5594
3010 3117
1045 3608
4012 1639
6067 9098
3877 604
7451 522
6678 6497
7497 6707
3296 2262
7158 4401
206 4440
5936 5392
7668 6907
9922 2318
1574 9795
858 9301
9518 460
4719 1295
866 8745
6125 9626
3113 7509
6142 8245
5651 3129
4889 4866
3842 3692
814 3799
8363 8477
8018 5462
4320 8375
4317 9976
2896 5355
2613 9716
2390 6145
9030 2715
9398 2500
4922 7879
8194 2121
6361 1319
8646 1133
3628 4846
7673 4906
8665 6924
6208 3370
2056 5777
4250 930
8407 2738
108 1013
3468 3269
1211 2165
8875 5409
706 3673
6134 3205
8219 843
5504 6475
1823 4483
5778 6981
8910 5016
7615 6161
7272 5015
4887 8818
4646 2961
6102 7685
5328 5996
1846 2602
3762 1047
1034 7720
3331 7999
7990 9708
2610 8402
1146 7476
360 3208
8872 9415
237 6802
663 3434
9156 8852
21 8557
3294 9658
2588 7128
8983 7916
9342 8806
6816 2912
6366 36
5405 9973
6077 491
5094 4863
671 5401
1508 6857
3731 8489
4706 806
2955 78
5083 7066
4256 5199
1057 2878
877 962
9142 3128
7482 1447
3624 3561
255 2445
590 6764
19 7240
1125 8038
9697 2380
2817 4866
7282 5098
889 4653
9630 8450
4842 5076
3092 1814
4918 3522
5333 3087
2001 8516
1103 9058
3104 5155
45 9108
9438 5802
5697 6487
2868 241
5656 5451
5601 7004
5378 1427
9053 3486
9928 6899
9951 7033
1006 31
5964 9007
8923 2841
128 8175
8519 2597
3666 5536
2546 7222
6022 215
3204 9282
5378 3073
5361 2377
5797 3124
2923 4583
3378 3196
7558 3623
7299 7596
2145 2586
2401 1080
7729 7674
5087 6923
1552 9832
4694 1414
6597 3308
4879 6678
4632 6447
4145 1358
4412 5712
3691 3466
2540 2016
8033 2922
2955 4204
7840 4070
8329 9178
9976 8906
8667 9858
4712 5656
3440 5115
9423 1743
4087 2301
1949 6868
4932 5854
2146 4054
8707 3062
6936 4172
3931 3817
3944 7343
8944 6892
8898 2015
8596 3299
5558 1611
7008 2314
2370 738
6631 1674
1298 4744
1343 4107
609 6676
5696 8707
4639 7338
2612 4758
8209 3147
6887 8380
4140 6780
5832 7889
1758 4118
8173 5624
7916 9799
1552 9782
1706 454
6134 7786
238 6661
3209 9815
1524 9198
9590 5208
5123 6918
2882 8830
2168 8046
8724 9387
259 402
1685 246
7 2763
6181 1330
8078 9716
8602 4460
5125 2989
4451 1650
9545 8138
3457 8892
4881 6861
4091 5346
2305 1456
5897 8118
5244 5759
1789 5248
4094 4583
9546 1139
8349 4006
4755 9738
6709 9560
91 9381
7271 7812
186 6557
4516 9000
5739 26
4373 8669
