2500 760
7933 3188
9158 4807
810 3946
5410 9169
4126 3218
4707 9831
2475 3432
471 8819
6328 9380
9973 1725
5304 3768
5613 9502
5909 3178
2356 7757
9779 4052
9907 1618
4413 3043
844 1921
1765 1990
822 370
7893 9168
8775 3029
2771 8808
2723 1635
2470 4891
3390 4872
5702 3959
8662 2241
3993 767
4841 7072
423 9159
4534 4807
1181 4754
8841 8939
4211 6618
9923 7572
3768 3804
2377 9421
1590 6952
5998 645
1263 753
8473 9043
9734 5563
1426 7969
5206 2847
2490 6068
9197 254
2227 6458
6002 2266
467 8065
1631 2011
7907 7551
9762 5985
8668 9523
9151 3457
8774 4233
7269 6709
294 7392
9062 287
8417 4267
6410 9201
1765 4350
6296 5486
716 304
8645 9271
1232 5245
7105 2299
796 5892
451 351
7957 1157
7308 6187
2722 2790
6016 4702
8276 1379
485 6446
638 8416
8533 8207
2666 5041
4429 7954
9391 2846
7434 5747
6372 1779
6855 7960
7506 7607
8949 7824
2504 7788
3815 4483
5212 5167
7140 5859
4630 74
4920 329
1107 3791
3369 4044
2627 8467
8241 4581
2531 2693
9995 8329
5225 7319
408 1692
4722 313
6029 9609
1975 9640
9674 5735
4995 6303
9303 632
5892 7068
7154 25
8146 7413
2847 5135
1635 3182
8844 9418
4973 2742
5650 961
3361 6360
4158 8868
3577 6835
7081 7531
1842 541
1975 1234
282 1686
6151 3714
2465 9797
6304 2656
3482 8148
2952 6889
1810 5952
1980 6121
3878 3708
8767 512
3541 2290
3070 2126
8641 1371
9228 3627
1036 7014
7581 5039
9983 298
5741 7773
6836 9918
5861 1114
8748 7230
8765 6865
3751 2279
6854 2792
9561 155
8585 8172
8420 1350
5566 9836
696 932
4314 6704
656 8973
3598 704
3266 5642
6464 3421
5993 346
9508 8905
6464 7600
3584 5449
1441 9482
5674 4246
8140 7527
1623 6774
1536 1123
8664 5072
4386 5488
8884 7613
2703 511
5810 8383
8653 1618
7614 3907
7956 766
1492 6232
7432 5526
1159 6496
9356 6286
4069 2061
7111 208
3341 9832
9173 5775
9728 4907
819 65
5559 4499
5247 840
4586 2061
3926 8419
3970 7217
3202 9504
4428 50
5185 8498
5471 5379
7369 4018
5764 1164
6057 8545
9888 6719
3280 1294
8602 6119
1194 191
6029 2247
6402 1795
1549 8641
7575 6131
2547 7838
153 9023
6823 3286
7963 3363
806 818
8406 4963
8329 6006
9182 1274
5696 4548
9138 6604
6834 5215
2255 6803
7400 6782
4060 8702
7569 907
8279 8155
4436 915
4829 127
8239 702
8067 8140
4425 3016
6123 8190
3285 7353
3922 2667
4581 5713
767 9984
5012 4754
6877 2965
3248 3393
4864 9849
5267 6398
7153 9503
1072 5050
8600 7618
4830 4136
7812 9836
8200 3640
6702 5844
3866 3216
1760 5757
187 5531
2986 1409
5923 7630
3547 8178
1407 1126
8249 313
1481 8885
3819 1502
4087 1676
1200 7084
7389 4943
3699 1420
9510 4916
6123 1294
8887 4340
3561 7864
4250 4772
5613 2709
6372 9326
3326 703
8417 6708
9088 253
9546 3211
8334 9237
4690 9378
4233 5614
3492 3335
6394 2141
9890 9685
447 5608
7230 4435
5427 5476
9006 7576
63 2700
5137 8754
6236 4938
1818 239
6077 3203
9979 6949
6629 4013
3476 2473
4393 1486
303 6044
3195 4903
5124 4403
5581 5452
3771 341
5834 2957
9659 8996
9427 8204
6179 776
5159 6644
2827 8946
8866 6128
6937 4050
2961 2201
2659 6882
2742 2912
797 2922
3303 8821
5228 7179
9530 9417
9422 1361
9655 719
8814 8354
3323 5696
3876 183
5258 788
8918 7020
3167 6147
2209 661
6241 6024
8675 1206
4862 9203
9373 4026
1091 9617
4673 1384
3218 2732
200 5070
3687 9227
5239 6195
7296 5715
4106 8280
2397 7425
2516 3431
5383 1385
9737 457
8833 9402
5147 3494
4852 5306
2533 7441
4959 100
5661 5006
9314 1863
8607 4727
8370 3578
9399 1550
6204 2854
3690 3791
3776 4626
2890 7972
9175 9067
5907 7570
1613 7882
5624 865
2262 7533
9130 6119
5557 5514
3051 8661
2774 7378
99 4659
1351 8692
659 997
6968 965
7317 554
3718 2843
152 1464
5696 6622
6165 8242
5224 6793
2912 7047
362 1225
1810 6021
2381 8949
8579 4095
1497 1853
4680 9566
6249 865
2864 4781
933 4412
9624 5062
9029 4774
4888 5843
5358 9476
7034 1568
6432 6251
445 1420
2546 3089
3887 9340
332 9022
128 8640
4683 156
975 5981
7489 192
159 858
4513 4587
5317 2838
1782 3295
9219 8715
5456 7232
3606 1274
8294 4904
5149 9252
5154 862
6830 2306
530 9913
752 7426
4121 5560
207 8797
1923 3752
6005 9058
7083 5437
7755 1220
3020 2022
3745 80
7639 82
5025 9831
3899 9434
8967 9512
4290 5834
2051 8204
5702 8056
3060 3303
626 8579
2280 5848
9238 3257
7608 7055
6622 4177
1851 9899
1271 5846
9735 8531
9739 5590
4370 8386
4528 9195
4967 1076
7742 8937
8579 9617
9240 8287
3369 8928
6405 9057
6191 1268
5598 8325
2058 6427
8523 2126
4409 3881
4728 7015
6451 2658
1234 6404
4721 8707
7320 6164
7325 1419
5656 1081
2670 1796
4720 4967
2032 2111
6722 3869
6570 9955
8121 9986
3313 4268
7252 875
7408 2280
8173 6497
7791 7529
7765 5878
9001 3021
5790 1233
9841 7910
1701 6006
5618 785
3516 3884
1652 9720
7063 1748
8469 6080
8505 6277
6359 6314
9673 7941
1623 98
1233 6138
332 430
3379 7149
8032 8930
8522 3517
5365 847
1048 2202
7580 9151
7949 9981
9938 548
3402 7667
6433 5161
9459 5859
9574 3991
9322 3604
1540 3784
4572 2931
9906 3051
4534 1916
2598 940
5991 8872
7074 416
8571 7336
8457 8967
600 9297
6471 9966
4277 5687
7222 6980
9035 7994
3726 368
8673 1987
5384 7306
153 9230
2172 7102
268 7514
7251 7161
6231 3537
3919 283
1524 8226
1866 5529
9661 1260
1816 8333
747 4233
1131 2693
5447 4680
87 4053
7550 5857
4756 2650
783 9843
7170 7496
8392 8712
9032 3801
6362 533
4952 3538
4602 1071
5379 435
2577 1919
432 5475
4593 5140
6317 9433
7315 6993
7721 9811
998 600
9288 3097
9906 4590
9482 1308
3387 138
7376 7082
2893 9017
7803 1056
9438 2085
3134 1377
426 593
4096 4985
1449 2094
3412 1019
3823 9645
374 3489
1606 1754
5301 6660
8290 2323
6265 1702
9088 4878
4823 7601
4913 2007
384 3379
451 7561
1614 8530
9808 9416
2646 7510
3553 3353
7961 7030
652 3667
510 6092
9585 1106
674 8988
3155 4118
3305 615
8523 774
323 4134
4154 1003
4647 9179
5819 3012
1263 1211
9787 2512
510 1190
1260 3440
1426 306
787 9697
1816 8426
5453 2728
6869 8567
8582 1151
9115 7805
7275 9292
6370 3170
8554 3130
3097 1339
1451 5763
5412 3347
8865 5689
6861 6776
4647 6044
8613 9029
8084 2143
426 8232
3193 6471
8987 2061
5422 1040
8731 3016
4769 339
3538 4378
8574 3968
8830 1179
550 5825
1284 335
7339 8620
8464 4161
1471 4613
7744 5569
2125 6104
1749 1145
1089 2001
8880 2263
34 3608
7839 8666
686 4903
1591 3018
4820 2563
9107 26
3202 5308
1137 2413
1202 6324
4269 3710
4436 9267
2575 652
80 5309
3765 2782
9644 2235
8675 505
8344 5904
3017 1831
4053 3548
6435 1192
6947 4755
7178 5533
1754 5793
376 6584
5516 1509
371 6150
4798 4476
7534 99
1166 4114
74 6946
851 4979
5259 6169
9773 4766
274 5488
253 5820
8114 5663
5366 4078
7324 3886
4266 9489
3076 8621
7166 3495
3368 6885
6880 7956
8289 3062
6503 7914
835 6184
3057 2433
8657 1133
7238 7795
4173 4985
4546 269
4969 4974
1344 4375
5551 580
5146 5792
7138 752
2617 6622
1295 6817
5225 5385
7881 3100
6411 6656
5812 688
6631 3186
9329 1440
7387 397
2451 3753
7983 8320
393 1631
9234 3859
9716 9637
9459 8658
2981 1681
4132 7147
9094 9510
9613 8634
3659 6484
7347 8746
9732 6181
5557 7409
3641 9936
1574 4942
9696 5379
3138 5796
4668 4578
7535 7261
1742 197
8939 3641
8054 8728
5443 597
6884 6952
3385 6844
8499 8969
1658 7062
6617 9606
4191 4986
8374 5021
5468 223
6111 4339
5143 9262
830 6278
200 3513
4363 3729
2929 2927
6948 6106
5029 7202
4008 4002
8028 7945
3895 1979
7750 9314
7818 6847
5304 3092
9778 9355
2210 3551
9620 2078
9519 3486
1822 6825
712 85
8923 4708
1024 3976
6271 7685
8150 8116
4159 7193
7914 5945
7384 5734
9107 2887
9023 787
6884 6266
7926 8242
9030 4580
56 9279
2786 2684
8986 8780
5537 4186
3761 8246
5772 4360
2846 6717
3401 467
5974 5706
5912 2541
3299 1340
993 6929
7870 5394
1125 7267
891 6052
8285 4588
6127 2804
3244 9652
7497 4639
6648 9252
7867 7952
8132 9650
5729 6247
118 8301
4312 3616
9656 1080
894 1706
6798 6595
3024 9071
7577 3507
4254 8958
3011 3484
2363 0
3560 1568
8573 5672
4502 150
1851 3076
4164 8896
7525 5440
9772 3531
5250 5205
5970 3596
9433 2004
9431 1658
5530 2232
5416 7328
5635 7268
9955 2408
1029 2868
9883 7727
1781 4308
1313 8304
5025 7822
9465 547
3153 336
1691 4481
8206 8179
1640 384
4165 6499
1307 2622
3853 1964
4093 503
7856 6320
6151 340
1975 3705
1074 675
7541 9538
2080 4936
9012 6178
3849 7083
6552 7382
5707 7975
9449 8363
2954 4210
4223 4247
1760 8365
3788 8557
3466 1791
5143 1991
1699 2596
9046 31
2330 9387
736 4456
5705 5455
9940 3492
9586 4545
3022 8655
4934 4722
6279 1975
9863 615
1451 8680
9215 6863
7884 4684
8616 6619
2851 6435
8473 549
8847 4317
5286 4813
3227 3386
6339 2410
534 986
1652 8597
396 8429
129 1487
4189 8039
2201 8122
7828 7651
4575 7169
6758 4458
6526 5328
835 7857
1973 524
3815 2512
3144 6216
9841 8549
4160 4635
970 9925
1397 5936
1002 1639
5272 3482
8471 7995
8593 8360
6994 9661
9581 4271
4321 3592
4274 1406
9500 1558
8497 7229
413 7668
6081 1099
2511 7061
2735 1949
1849 5756
9846 994
4330 4414
7904 5932
8352 4053
9628 7106
9517 6322
1913 3746
6673 7267
8083 9595
540 47
48 809
449 49
8139 5890
5408 5858
1762 8531
3167 8776
4625 9089
6955 8193
7767 6752
1784 2274
9249 9261
567 4590
4859 1845
8903 9119
4774 2590
6695 1130
2537 9704
379 1446
7448 2222
9455 9272
2930 4314
8903 6702
5611 8675
8041 2658
6771 2378
4201 8665
8713 1917
7912 2072
9420 1694
9116 7143
7628 2742
9368 5713
1762 6630
8443 4828
5739 2180
2952 7561
6878 5952
8411 1103
1958 8163
3062 9933
7825 8019
2879 4977
9744 3747
2961 9508
8295 7746
8175 503
5451 4998
4180 1118
7261 5020
6604 8783
6504 9316
1561 1507
5194 1772
7719 9192
363 7671
9434 4293
2514 6010
1902 4557
57 3438
5753 8039
6779 347
8515 5855
8810 4528
140 840
7843 8867
4615 914
9112 16
73 5433
9110 1709
5674 932
3001 5538
2103 8490
299 3565
9332 8990
9393 9723
5238 62
9412 9512
813 4235
236 5239
2922 8615
5478 9288
7820 6232
2567 5626
7706 8073
3630 9613
1902 301
7470 9480
8079 3486
2780 5466
123 6341
7100 5471
9917 9371
5367 27
3389 4782
4469 8270
2783 4192
9028 840
2959 4989
8951 5577
4309 3219
8354 593
9218 6672
8312 7870
9720 5898
1803 5858
215 9058
6580 8366
6805 7820
1658 4981
7512 7120
6664 1910
2929 8718
6423 6071
3769 6065
5256 4382
9862 983
6882 3458
6325 8671
3534 7001
6264 5022
1222 4471
2951 8205
3160 1632
8687 7476
9355 7938
5573 642
301 9219
2170 9103
5297 4809
9935 5504
7325 4386
3217 7186
8014 3736
5838 8914
5494 9151
4127 4030
437 2033
1133 2233
1474 8361
2731 6083
4208 366
9787 4519
7533 6485
3488 2048
5109 6294
8563 5230
4757 694
8459 7877
1612 7905
815 7817
8411 865
776 3066
5332 7420
6153 7957
8820 3946
6080 686
3089 5565
761 7972
636 5978
5637 9594
6923 7407
4800 6715
7760 1667
588 3784
1649 7741
6062 1337
213 9545
4381 4514
901 398
1348 1043
7527 5885
3217 6093
2932 4717
7276 5581
8400 4020
148 7206
556 7390
9200 691
5936 1377
3244 967
1755 4159
9866 5454
7595 5437
4153 9412
1284 6466
7120 9544
5199 3706
5547 1588
1689 3100
2729 2511
828 9085
6467 2409
763 4394
7282 5013
9540 8097
708 8862
1280 4212
2868 5242
9692 3741
7459 8651
6808 2131
3176 9732
788 7989
2909 3180
9 1455
8281 4022
2219 6185
3718 6521
257 5148
7001 8756
364 6042
6488 5016
1967 3994
8110 1488
3225 7080
2692 5808
1500 7987
1548 5702
4811 9262
7370 1935
2175 7426
2664 4851
9766 3108
5424 3122
7598 2942
4090 1079
5926 3339
3637 1955
1042 8838
7975 4076
2803 2545
979 7916
514 3327
7557 296
1520 8072
7726 858
7754 1164
5569 4277
3365 4853
7937 651
4726 6626
1689 6865
3509 2098
1040 6867
686 72
4684 1453
9558 9503
5845 3744
251 8034
9246 2047
1478 8173
4716 2088
7248 9467
7230 4079
9395 8102
4950 1358
2090 8386
475 8111
9811 3090
9533 7741
6533 1783
3171 9
6343 4998
1421 8173
2647 4974
7092 4049
788 5468
3643 4110
597 516
4228 2243
6750 7372
8808 2917
1304 7963
4468 2297
9577 8340
3971 3726
527 6079
5579 1176
2405 4555
786 6695
7604 5625
5057 7131
7387 5935
9965 1408
8047 2670
380 3091
3273 4829
8358 3536
6371 5085
9327 8710
2442 6195
2354 2316
8276 5178
6782 1947
5769 2408
943 2701
7010 9558
921 5702
4043 9437
2761 9494
6748 5237
537 1791
3921 6302
9196 3526
2005 2120
4477 1676
3111 1992
1780 6900
1625 5688
3360 588
7903 5972
150 6634
3099 263
3731 7880
9679 7514
3306 3487
1756 5698
9532 7448
4898 8973
4396 6406
541 8654
3690 3939
6829 6006
7139 2270
9453 9725
2016 3797
178 3056
875 3477
1452 7771
1854 7743
5502 5870
6443 2863
251 5877
1032 7791
2750 3590
9418 7435
9914 3881
2827 3979
4557 4048
3126 7143
6062 2334
9265 559
454 6773
2813 1953
8299 3649
9528 6966
4162 1596
8448 2315
6978 1300
1605 3603
3536 9265
2169 9538
4484 3703
2619 8671
3088 4557
9749 6120
6026 7723
277 7393
5147 7624
1574 3833
4289 3980
3130 5569
1659 8569
9384 5400
7643 8913
4268 8086
7406 8101
1569 1054
7087 2323
5943 9406
4588 1521
2068 2691
8528 5509
265 3232
9396 3312
8760 993
4935 5046
1327 6956
7247 5766
7378 931
786 7526
8626 9590
7836 6891
6936 8339
5798 1019
6914 1842
2895 6892
1673 3496
802 7193
5983 1726
1467 8720
8298 9000
8782 4763
8758 6940
3551 5412
3186 8196
7929 5887
656 7341
5369 9543
7601 7594
5423 6008
3932 7748
3704 9688
1368 5088
4160 6962
7977 7215
3127 804
5880 8429
6232 101
4718 8560
9636 2393
7844 7049
4101 3702
7912 3761
4763 6539
8929 1436
8298 684
9643 304
1414 3199
5989 576
2715 3739
6566 8617
6395 326
2393 4681
1228 1801
7958 8081
8711 1915
1131 7276
4650 8105
1217 8825
9111 4716
1158 1402
7917 4718
5927 2517
4153 7034
8087 2824
4952 9321
4842 326
8657 9168
2552 2142
1123 8790
3662 2467
9677 2630
2199 8928
8646 3245
868 3118
1139 843
37 7664
619 3101
3313 5808
5995 6288
7602 8844
136 3851
3300 1675
476 3982
7526 2109
3443 1432
3397 2919
199 8634
2991 6015
1277 6254
5334 7099
1912 1311
9611 2682
9794 8873
5491 6029
654 7578
7168 6096
4606 3716
3294 8209
9698 5846
3467 4608
6676 8308
7210 5643
958 9336
3533 7402
2706 4092
1436 1357
4194 2387
9290 896
246 3468
9087 2256
8783 7127
4944 9659
7228 816
3367 8604
9597 2058
1952 1054
996 5324
2695 6836
8697 1470
6457 3162
9046 9799
1312 5297
4563 121
1211 611
363 669
6258 6894
3172 1402
178 6809
7294 2133
7724 4621
3925 6919
9774 7227
1462 3621
2130 6574
5806 3436
7726 1371
411 7347
4374 8331
7647 3317
6576 1214
2293 3757
4205 3443
6666 3261
2136 2311
8709 6814
7437 3784
9589 3824
6924 7656
8964 444
1499 6676
5379 6495
5061 7289
727 6224
7031 2054
7063 8393
7914 1287
6289 3288
2348 6882
955 4587
2583 9404
1214 4737
9399 5469
4903 6970
8915 2137
5496 9450
5495 2837
6588 8156
6462 1603
2373 4479
209 7719
8392 1629
1097 8238
8588 3000
2133 7022
3528 3743
3276 1503
5298 9259
3898 8015
9275 7697
671 258
1685 74
5877 1255
2473 9519
4819 7703
4100 1682
673 3890
1330 914
5742 2562
7944 3871
2162 7935
8457 7138
2008 6018
8107 1937
6186 7686
2873 8840
7251 8445
4510 1374
4504 9157
5710 7850
1368 415
3478 8239
873 289
2934 1881
4970 6126
5489 9668
4444 7917
7390 6182
103 5528
8513 4294
2970 2971
7569 9215
4849 3741
4298 6103
2295 3358
4685 5358
2392 8957
8646 8246
122 4692
3675 5869
1062 7230
8536 2999
3285 5790
4752 3679
7422 1750
8919 4125
9779 4705
5979 4864
605 3272
8821 6679
8235 3435
721 5488
5311 2757
7264 6111
7814 650
4844 289
1052 4436
4387 3763
3579 5414
3727 7197
8503 3145
1841 504
1399 2883
515 835
1223 4248
6302 418
2217 2858
3226 4690
944 3398
3075 2979
1761 5868
4011 2238
5899 2314
8259 6685
7007 5254
4810 1934
9758 5929
9695 4717
1833 8624
3691 7638
2757 5935
2787 8893
7532 156
4441 4271
4390 826
6010 1884
9886 6180
9328 1155
4299 6228
6185 3886
9553 2187
2304 1861
4842 9718
5004 4753
5287 6528
9949 1992
4797 3637
6207 1237
8650 6570
8068 3075
1455 5219
441 1382
8406 9507
2924 947
4511 9791
1295 4578
2154 3261
3399 5508
2932 3267
976 6491
7303 3084
7082 8345
3306 5047
1895 6697
225 89
2540 9619
3649 5947
8141 3847
7526 2230
4968 7935
4617 6391
570 751
9355 5757
1340 3584
5847 4661
9308 9211
9077 2560
297 8617
2358 6237
4514 1719
5118 4398
7630 5072
4049 2990
7970 5417
6733 1886
5628 6639
8153 7673
8852 9388
2023 270
7288 1957
644 4390
2840 5565
2267 1994
4910 1034
7945 9376
2043 7609
9918 9352
800 9958
1654 4374
2440 9436
2765 1586
6439 8239
2653 7192
2528 2697
3099 7730
958 4532
294 266
9988 8424
2017 9898
9210 8184
6230 4188
8149 7625
4840 6737
6998 1406
1155 5538
7103 1340
5320 828
9918 3802
5225 7743
344 2619
8185 3755
3722 6668
7235 6690
1959 504
7118 6129
1259 2595
9504 6864
6854 5979
9501 5686
6188 1159
7618 8113
1330 9536
5648 4419
6747 350
4119 1267
7494 9115
2466 5212
2713 180
2557 4837
6832 7759
8209 7333
6285 9430
5550 8938
7328 8700
4127 8231
435 7640
1111 298
6068 1910
2546 4904
6798 1956
6730 1827
5346 1817
2788 5727
1222 4139
452 257
4663 1506
3848 390
497 277
4956 7436
7352 1233
4171 6321
9074 9740
5780 9851
8768 1053
4675 3217
9306 7768
3554 3845
9097 4463
7706 9801
5738 574
7483 317
4087 3283
8467 3776
8562 2409
8858 9603
7828 4654
5758 5124
5705 7637
5865 9105
3983 4457
9334 4889
7149 1880
1314 904
8700 3356
1441 7175
9978 4132
7313 5742
8018 1573
8557 8924
4779 2649
287 4762
8035 7407
3723 5708
1503 7674
9896 5624
9852 2856
7617 4311
943 9680
9971 8826
4262 5282
3456 3075
9851 5995
7038 8853
1681 7155
5677 798
3445 1323
3736 3360
7143 1538
6075 5759
8097 5867
7948 3735
7502 8852
5983 8766
4538 389
8619 5141
4746 6075
3274 487
4009 3716
9353 8312
2173 3172
8727 6559
4692 1019
4249 9035
7228 7545
8272 6095
1178 5664
6351 5603
9707 7627
8636 1795
840 8661
9936 6303
5086 792
7586 1940
1295 3517
7798 9437
1372 9891
3567 1816
1256 9421
6347 2568
4676 9945
6806 3825
237 1107
7382 2864
3692 7750
6135 9255
558 172
2024 2440
9539 6677
8580 7768
1913 3540
5001 3541
8245 5746
713 6309
5468 2450
9221 6225
9600 3895
9514 3340
7935 2713
7048 9811
8220 4740
208 6774
378 7497
1962 488
3456 787
6881 6947
9004 4571
914 315
1632 7319
7312 4099
5044 5466
5205 3540
2112 8522
5717 8620
177 578
723 9745
2440 3490
5425 779
4665 2451
9502 4259
8559 351
7898 6506
9306 5871
7382 5899
4304 5873
6597 576
4245 1624
3720 5823
671 6322
6191 5534
5940 6309
7909 8817
5798 6909
6097 1464
260 2381
657 9712
9525 3852
5781 6427
8498 8594
4425 5269
2863 2743
4245 7532
7601 7991
4152 4650
5966 6441
2740 2185
6478 273
1772 9014
1393 655
5291 9131
2937 1685
5357 8942
1732 1410
6763 7854
9037 3121
8452 7981
1802 6842
7422 2086
9109 1761
3459 9747
4775 7192
8955 5882
1935 2876
8378 4136
1373 373
7636 2694
3981 0
4930 4307
3530 4215
6355 485
514 6868
2569 9447
379 4785
6818 7622
9775 1793
687 3866
756 6775
2059 143
5512 7233
7199 2329
2318 6276
421 9266
3910 8938
8018 2101
1045 917
8531 2188
4795 6792
6923 920
2128 2916
9007 905
6234 2094
8984 3341
613 3860
6176 9391
3034 5869
2419 1249
7724 5446
7928 2891
3433 5434
8437 5944
2005 8190
2738 215
8476 1398
4133 9709
8395 5903
1934 6971
7029 7574
3231 5670
6691 5878
7401 439
6593 6412
1839 1648
2037 4094
879 3468
6849 751
3244 1618
7761 5141
5208 7383
1634 817
4186 8255
5802 1098
6055 1197
8016 3607
8430 8212
9769 3755
9160 2932
8716 9130
5465 2990
9116 7103
276 6616
8521 2399
7489 2488
317 2778
4833 1362
1441 7405
822 736
1138 9363
8044 9525
9958 6623
686 6238
6936 1985
3338 6098
2655 8051
9066 9891
3928 5650
1723 7632
234 8215
2774 7508
6973 4298
2193 1274
457 272
1289 1993
5392 4990
9163 7020
7664 4483
2217 2670
3938 9341
2256 7427
2228 1006
4732 9541
5676 7580
1055 4379
29 8413
319 7848
7744 6441
6664 2150
7893 9339
7271 4961
5831 7713
8370 7403
5633 1250
5011 3201
3760 7811
7790 8102
7596 2253
2037 5683
5485 903
8887 430
3120 3657
2078 4570
9615 5432
9780 8732
6696 1487
8003 8514
4540 1226
9666 2916
2559 2846
6104 70
4457 5898
1647 1653
9289 7276
1742 6519
2361 3221
4115 685
9212 8293
395 1800
6996 7628
2440 1882
6829 7817
8244 1812
4147 7822
431 8351
3906 3339
8455 8109
2786 5358
7254 5578
4012 5316
3300 5655
6091 5197
8717 1645
6225 3148
7340 6054
3944 3341
3514 9727
145 2714
8572 312
2796 8716
1338 9663
1664 3445
9556 4907
6528 7486
233 1448
3771 2875
8551 1169
7652 6466
648 2905
6336 2787
2337 3734
2586 3891
8295 5499
6630 8120
4066 3477
2884 1788
1148 7622
1467 8028
4658 6806
9761 7479
305 1146
9147 1579
3638 2980
3477 2791
3101 2234
3515 2218
3152 7300
734 7250
7660 5870
6303 8977
5990 8967
8636 9309
8683 6135
8970 5719
6031 5689
2700 5617
6488 4156
6047 6433
980 8163
6202 967
7831 9052
8340 7949
7178 9730
2678 3443
309 5133
4832 8623
4993 1971
3580 4695
96 6710
5670 3866
2480 7408
9383 7686
5802 8660
7871 2771
756 2964
9806 8417
5276 6634
4017 5978
6425 4967
5496 1219
7089 4928
5926 4697
6504 9640
9747 8561
6122 4620
1955 6436
8973 8939
5662 6830
1034 4548
6205 4409
6885 6568
4920 9596
9524 7502
5268 3659
7150 7027
1424 1211
2117 6594
7111 6339
996 4801
4750 7049
6747 1717
9833 4542
2061 1988
3804 1892
5753 748
6712 2130
581 4514
3958 9351
6372 8637
544 2894
9997 1877
6861 7814
2540 6580
8986 2679
9624 449
20 2898
8287 3463
9556 6448
9123 943
1831 8128
618 6209
8361 8905
7134 5232
4248 8602
1465 750
5421 7611
5867 1538
1549 28
2833 6712
8432 282
616 6745
9002 5136
5507 2103
4268 5256
1614 4119
6451 3623
5550 9937
2721 3491
9113 6893
725 9496
1441 1292
4529 3439
824 7808
2152 9581
9395 7480
8103 581
5022 3615
1032 5933
9142 2724
991 5180
2047 7155
4113 251
9303 9652
9262 7977
7875 5974
9965 5717
322 3930
254 3181
9243 828
6305 693
9779 5590
6123 1246
5516 5879
5091 8110
7467 587
6121 4613
3972 1164
3341 4791
5994 1884
3824 6616
1401 8147
6283 4046
9184 1285
3112 3845
5889 6368
8781 9614
7989 9819
5455 312
2158 7476
4577 1512
6321 574
7207 3714
8884 8322
1545 7405
5825 1743
9927 5857
1023 156
1761 7144
4499 2788
9053 7889
2340 9841
3571 3715
8555 9223
3321 7486
4354 1321
460 3016
2458 6011
1239 2515
7079 1055
6981 4605
9559 3508
4043 5953
6144 8221
3102 1277
6930 6543
1539 1949
2624 9121
6331 2028
7739 6842
1082 4760
3587 3964
9332 4251
1730 8150
1725 4063
3981 8096
2939 8739
3729 5959
4432 4869
6073 7209
3597 9455
2314 6746
1183 1282
7689 3769
1466 6675
4023 9658
7643 9137
8266 3961
8893 1712
5500 2295
5492 179
1345 3779
3180 8326
2449 3242
1290 6961
4492 8972
7556 9490
836 752
514 6291
4150 1017
3641 2531
1814 4098
1606 3181
2033 598
2602 1151
9082 2431
1117 4255
8627 2343
8604 6741
5840 3187
2891 7580
9465 8702
7698 6053
3191 4782
4822 6852
6168 8602
3749 9765
6 2811
4981 7097
9065 3937
7157 866
4309 6013
6700 3189
1706 17
244 826
7975 8027
4293 2189
5264 8282
5043 3868
7472 5727
6062 656
7780 1937
5877 3103
1848 3679
9960 3488
2118 1514
8798 7187
4100 6158
6326 1635
4306 1744
672 7642
4103 9385
2314 9167
3010 4563
2164 888
7610 1719
3727 1971
154 7238
5275 3795
4938 3201
8064 9494
8130 6671
6897 8555
93 9105
1871 6483
2552 5930
1388 7368
8759 9968
9942 8671
6682 7354
2901 4602
4208 5752
6754 803
7577 9543
3148 7965
5504 4449
6597 1729
5676 1565
3638 4504
2567 773
5188 4202
4036 151
6705 587
721 9492
4567 8717
2330 6242
6774 8778
8720 9267
3592 6023
6514 7479
2654 8976
8553 1311
3806 1590
4826 7360
4136 1719
5776 3873
4616 3771
4263 7715
3174 4352
7309 5790
4513 6199
1904 8054
508 843
3887 8270
1402 3361
3564 3028
8837 4424
295 4969
7338 6862
948 5354
8032 5008
3832 5587
7020 585
3153 3753
9471 6011
9678 1783
600 1214
7208 2054
8757 5131
5170 9425
4449 1627
7589 800
2420 6957
4100 5217
5619 4410
1512 4374
6506 8319
7503 9963
7546 8145
1238 566
5157 689
2329 1558
5584 1766
1183 8922
2642 2500
867 911
972 2994
4428 6240
1610 444
7037 6025
994 7046
5606 1940
4214 7500
1256 3553
5858 6958
9640 6821
1294 2319
2357 2534
9429 2639
3542 9646
5724 9483
8550 5334
6789 4907
7813 8501
579 6970
6256 5384
619 820
7935 6213
6526 4517
6163 2024
7000 9707
3050 2100
6081 1045
9361 2697
3315 4858
2619 6419
4549 1368
4440 2674
1417 4400
4861 391
1131 3125
1599 8687
8990 3124
1559 375
2011 2549
1847 3364
6324 2103
7577 1625
483 9307
5944 9941
5016 3831
5766 4483
3116 5638
1690 4056
7875 4250
74 3083
6721 8619
7778 1302
3171 1825
1331 3781
5068 8909
3474 5506
3525 596
4668 1724
6629 3157
7238 1286
3536 2497
584 3390
3819 858
5802 9712
7251 74
9939 123
4686 353
6760 1370
9060 9400
7279 7948
3737 328
2036 3034
3602 1025
9996 4601
2547 3558
5701 7730
130 1182
2205 8595
5303 4825
8834 1569
9252 9732
5604 7131
6869 5613
5208 8920
8533 5488
5560 8150
4240 1402
3910 4558
7380 8903
6467 1692
8507 4376
8485 2642
6095 2470
1094 1269
7200 2704
9007 29
3803 6642
1187 3173
4275 5004
4209 8814
7590 6991
7065 3532
8291 9852
8780 7149
9658 871
4091 3275
4814 2569
5216 6622
6840 8752
4030 3045
734 6060
570 9163
1222 1830
7278 2898
6093 2192
280 9241
2671 2088
5742 6947
1115 9144
7337 5770
1678 6684
6836 1536
2702 5239
7082 7092
8500 481
8716 8973
246 2573
4779 4674
4515 9472
315 5612
9746 3122
8634 5657
4512 6394
1486 2700
389 7114
7688 4208
2057 9879
8104 555
7621 5239
7294 4181
9146 7659
429 6747
9062 398
1562 1329
8268 5563
8754 705
3267 7061
6993 563
9863 8674
6561 9702
2744 9002
8111 3832
9658 6750
3138 6195
8670 9835
4321 3527
1706 2521
8269 4397
9598 9646
5686 8119
6240 8919
1425 432
3268 1003
4634 4936
8204 2143
6784 2843
493 4026
2945 3327
7310 1948
8033 667
6146 9021
7115 1551
9028 8474
1111 2113
83 8061
3869 1649
4578 8870
5821 5672
9533 4543
1208 4713
7208 9667
5943 66
4340 8593
1905 5098
9961 3508
6340 1096
6244 7740
9183 2193
7414 5876
4144 2435
3753 7670
1491 4174
9941 3083
421 2890
3264 9505
