3000 1000
7520 7919
3596 1641
3746 9741
8956 2227
4060 9612
3137 4694
3432 3397
5069 9779
7374 5373
9798 2689
7282 8731
6603 2226
4547 8041
229 5661
4753 2092
7411 1953
3596 4764
360 112
3582 9985
8889 5120
3821 9122
2129 7329
872 8027
5500 34
6575 8053
594 1792
9984 1404
8624 6213
4606 8844
2436 7854
6750 7642
7000 1074
2493 3283
8831 2133
2121 3447
4336 8948
7264 2955
7129 4084
2106 3820
3859 8960
3456 7442
161 5504
3117 5772
2721 873
9132 361
3680 2498
6915 1220
9511 4432
7778 5689
7405 1343
1929 1594
1238 1072
6841 5132
6535 2309
6069 2890
9795 5354
4970 3493
1594 9091
9430 8319
6826 3014
8794 4320
7585 5159
5092 4273
2481 8753
5208 8178
2648 6435
5100 2506
5878 4199
7329 6670
402 3088
3320 3347
7013 7715
7704 9961
7117 1166
5544 6246
2699 7211
6146 7890
1243 8803
2608 1130
7898 4953
3176 1549
2535 586
8110 4050
9057 3225
768 9744
8300 6091
8689 2096
7514 2307
7091 6674
4230 4507
4721 7285
4724 6454
6425 745
4677 5690
2669 632
5236 1384
8831 5470
7547 4849
4840 1667
1280 5391
6426 4788
9818 7538
8225 9258
3907 2107
7176 640
2129 2563
5510 3653
4658 8704
8841 7748
6284 9730
2024 5632
4413 2832
5076 9779
5263 1192
3853 8137
958 1668
5720 9173
9680 5420
3631 3650
7072 2517
7415 8033
2300 1101
2379 5674
4837 6050
7785 8398
4569 8309
5944 9587
3725 9011
9795 3572
928 475
67 3742
7991 8023
9897 2869
5669 2578
2327 571
3182 5661
1406 4009
2321 5260
2846 1534
9624 975
1231 6057
771 4228
7793 4250
9169 8361
5191 9311
6034 5247
9723 2920
1539 6245
7649 6386
8978 6041
9504 7071
2712 9862
4866 8085
4204 5330
5888 8589
4919 3859
4268 2930
3945 5167
5994 1534
1442 5466
2180 4094
3269 1555
9122 268
8538 4360
1311 567
9382 7029
4357 6314
5364 4815
1968 4555
4177 9408
7038 6822
6380 8248
2940 3064
2734 63
5081 1955
4566 6650
9140 5745
9158 4669
6087 231
5337 7778
5572 2090
5236 2269
6349 3639
1167 5585
9660 9515
3485 4720
358 8425
3917 8372
9946 227
2144 5483
9407 8066
8156 4822
2399 7414
3459 4474
8885 3030
31 7457
193 1420
8059 7782
2197 1291
9647 5170
4006 9999
4130 1703
525 6576
4059 8638
8377 6405
9457 3604
9190 7262
4072 7511
4305 5644
9015 7289
4855 8879
1294 9201
2670 7521
8493 7146
920 8951
4888 2707
1352 8984
6977 8774
4713 7959
324 26
2051 4005
3606 96
8355 7795
8937 2768
1518 5530
2252 3404
7603 2790
6795 2243
6591 7894
9748 9020
7568 6590
1829 2144
7015 5068
6425 3217
2476 2111
3505 3878
498 889
422 1414
6452 6369
2359 9977
2166 2334
9588 7406
2862 7915
2866 8848
9929 442
3195 8126
5016 3267
942 8308
2714 7511
2755 947
3157 9725
9444 1703
9421 26
5436 3773
6015 460
3403 1231
9277 2498
8908 5027
1838 4817
1404 5687
2419 2623
5361 9338
1648 5716
5282 3938
6652 1024
6061 648
6903 7095
6164 4537
9024 197
8010 7345
9720 9954
2363 8178
4756 4635
3800 3035
7392 9115
9442 2747
9533 5483
6150 3468
9631 8741
7972 6975
3230 338
7385 4594
3624 6068
1185 105
5478 1963
6179 6957
8742 684
492 252
8366 6157
2811 3373
3688 9736
1172 972
3667 7597
2200 3856
5841 9719
935 5188
9200 1038
9402 4956
1564 1885
8775 2825
1501 1688
3994 8502
2551 6969
9441 5944
7318 9350
598 766
2799 4960
5763 2484
5176 615
1185 9033
7820 8897
4863 8493
6926 3608
458 2657
9978 9820
2575 9363
317 3601
1361 2192
2893 6004
277 9434
6066 7457
4323 662
9319 4613
3213 1816
3351 9341
3383 3838
4751 4725
1774 353
8836 2461
4299 4019
1060 62
3989 5293
4321 2189
9297 8344
3621 679
8918 4017
2123 3507
4143 2567
868 9039
8102 5948
8603 2588
3032 9097
1014 3533
420 6527
6960 1313
5626 3957
7357 6845
1191 82
8048 2434
4472 749
380 879
1904 2133
7674 165
2166 9396
8720 5421
8676 394
9243 6587
9354 111
3645 5869
4525 4841
5393 306
4203 6377
7446 7451
7145 3762
3829 2545
7010 5834
1217 1431
5607 8099
923 5822
5348 7446
9899 1936
9290 4560
8077 9225
9987 5962
2321 6325
59 8056
319 6037
6087 5654
697 8296
9910 9616
8920 8924
1182 4050
8023 3583
6057 7455
370 7929
6396 2530
6858 2449
3140 6812
3859 7935
7689 5104
5026 4841
7860 627
883 849
2697 9759
8543 6304
2811 487
9293 6236
4506 351
69 5495
7939 366
9244 7280
4430 863
3007 7183
974 698
5552 862
157 9954
5891 1747
6775 2126
8837 6619
230 5267
5896 166
5721 5284
2216 5699
8454 1935
7745 5497
9282 7440
4237 7023
5363 8470
3413 4137
6571 2903
3259 9205
7611 4231
4333 8146
1863 9832
2661 3875
4219 4962
9352 8209
6434 9754
5778 5335
3338 6357
626 980
2998 7296
7182 7821
8532 5098
175 4162
2499 6574
9457 1254
3353 7080
6310 3979
2457 4549
1228 3699
6851 8734
3654 6864
8856 8607
2768 9893
4222 2361
206 3197
5466 6980
744 783
2614 5913
4318 852
5025 6411
781 9540
4841 3328
2842 4045
4649 2057
7341 5938
8890 5039
2902 6058
982 260
746 7830
1082 9982
771 3130
9986 9031
7273 2099
8906 9235
5449 5765
3726 3631
1081 7175
3014 8990
111 4164
1153 4412
7145 9797
3664 5901
7541 6147
8385 2882
2180 1081
734 9829
9551 6865
4905 7456
3185 4883
1744 8972
9671 5564
579 6911
2780 9828
9603 8998
4169 5352
2767 8178
1083 3088
9831 8651
3294 5481
6241 9372
8375 8549
4337 8733
4769 5654
954 4058
9691 8304
881 6091
5013 7904
8927 5414
2640 2969
1463 1088
8082 9101
8874 8505
5842 5468
3120 5037
799 145
1327 7064
6996 1652
8229 4224
7565 1270
1360 9301
9431 9681
2273 1450
5316 3398
8255 27
7637 4524
5220 5970
9519 8166
6455 8742
9283 7656
1668 8256
2250 8517
6973 8383
8238 6786
3945 9149
7166 8728
8705 5164
9831 4558
4087 6627
7093 5812
8404 5333
8969 4440
8714 9762
2282 529
1562 1945
1568 1687
4892 6131
8011 6749
4431 4174
4026 6799
381 6784
4660 8646
2943 5998
5355 9287
6320 8557
3008 8093
3167 5364
3048 9810
8818 701
3341 1080
4644 5687
4270 7238
5910 74
8455 5226
4922 5926
5670 864
917 8465
6284 6726
5024 5638
2646 2636
1730 2255
2175 741
8701 9961
4844 1810
3973 7557
5158 2736
1327 1770
3879 6904
3261 3616
6890 4006
1588 7748
5813 4494
6078 5707
717 9619
8527 2791
4202 2582
3141 8246
2200 4988
1271 1661
8299 9358
6643 7643
9142 890
3430 5078
373 4682
1658 170
4635 3980
8547 4279
6936 3219
474 2509
1637 2008
8328 9087
3514 4003
8626 2824
4709 2818
5801 2650
7428 3437
3438 8794
9695 938
4950 3641
6592 2806
5562 1334
5692 2432
1844 4620
6426 7372
7865 4166
8903 1906
3586 5038
8212 1648
9458 8892
5210 3099
420 9765
1090 9048
8946 5971
2136 6840
1522 4013
9051 9227
6448 8375
5740 9197
1427 4474
4037 6563
6199 4877
163 9073
4336 4858
5401 990
4094 9200
8908 3014
6235 469
5960 3424
8523 7805
7098 1243
8902 6485
5526 73
2510 1685
1919 6257
4021 3652
2177 7698
1457 8147
5695 4890
4482 4822
8690 641
5349 9622
1814 6584
6968 7340
5138 3667
3273 8942
2369 7611
4020 2766
9593 3974
3604 6202
2643 8696
6165 6317
7493 9626
4266 436
7248 299
9003 7409
4066 1286
846 5190
9972 3557
6246 5149
1397 5049
5876 5620
6157 4856
6699 3000
4473 4304
2731 4240
2960 5267
2993 53
5230 5067
9554 7152
7181 1264
1965 3556
3676 5280
9962 5348
220 5364
3401 3584
1044 4350
5372 5656
2701 5687
6069 9034
8966 5529
2188 6285
904 5515
2355 9150
4267 3537
8071 3250
210 9010
493 7571
3146 9280
9584 4461
2792 3972
787 2617
7621 2373
9380 7293
4416 7684
1813 5772
454 8775
581 3296
2089 7518
7155 3531
8799 633
7713 1748
4632 3853
3042 4212
8823 1430
7503 6586
7023 114
443 3575
7436 5962
829 1197
831 428
6963 2989
1646 234
5253 3820
4016 440
4254 6070
7369 7391
2324 6225
1529 9178
6075 7869
9422 4654
6501 5020
3430 8237
6621 7243
519 6403
3387 1645
7459 221
3619 6142
5148 380
4242 3843
5996 2432
3382 50
2369 2804
7406 4487
9810 244
8903 7936
7840 419
2664 5038
8368 4430
6531 2434
3033 2508
1229 9117
2201 4281
5578 6032
6158 682
975 4077
4235 5589
5988 2416
5661 7937
2152 9590
449 2814
1282 3753
8661 1532
6291 2616
9218 7286
7201 7237
155 8017
4843 8531
3315 6382
5053 7050
3174 4034
2526 7675
7095 8264
5214 3992
2197 6548
578 3586
2881 4357
821 9239
9642 2906
6188 1185
5529 5474
6544 1376
6541 5266
767 1371
5397 351
9019 3639
481 2798
6103 9335
7801 4669
9529 6693
3603 5759
6443 4060
3395 7282
3902 1789
7769 5987
2208 1897
3018 3036
8254 8940
4657 9279
654 8973
3964 2833
4545 65
8848 6705
3491 9351
2213 7800
309 3992
5078 9464
1096 3900
9413 8623
740 9830
5846 1539
7148 1888
4788 7152
3750 6107
3419 5879
4192 1629
5523 6043
8424 4259
5842 734
909 3992
3294 4404
5868 9375
7928 8830
3619 5078
8767 8659
81 8870
6535 2818
5675 6848
6805 4423
4421 1371
8067 9655
2441 9066
5416 767
2057 5952
3385 1478
5948 9563
8808 2211
2809 9490
7300 1339
8006 4152
1796 8500
4445 5883
6649 8129
9674 4431
483 1518
2908 7717
605 9341
2613 1502
5191 4487
3751 1579
5960 208
5298 8114
6937 2386
1518 5768
2163 1673
4112 7960
3192 1059
285 5631
8150 1620
2769 2340
8726 6579
7275 5314
340 6332
9034 1047
5268 1612
8366 4887
1642 7504
9017 2350
8147 7506
3555 2096
5237 4455
210 6630
2306 3541
3823 5640
9080 7844
8057 1953
5398 9236
9501 2115
4882 4948
8921 4076
9795 3803
4198 4249
9998 4366
330 825
9324 2519
835 6646
1901 4225
5217 1030
2270 7760
1624 4906
1306 1483
9279 5384
5972 5082
5197 1686
9529 2975
39 4579
5952 9441
1734 2702
7815 6481
3778 8748
354 7127
7668 6615
2604 6767
4741 6095
5702 6026
4775 9942
3802 1361
9390 1752
2067 6345
8546 3503
8950 6782
8669 3490
8892 5117
7770 4133
2406 5529
7092 8655
8083 9527
5174 2736
3177 2402
5635 9164
9105 7017
635 8873
6113 4961
2782 5214
9741 6654
2804 1342
6119 2885
3321 9680
3175 3367
3807 4015
3308 9710
4437 9591
3672 1058
9589 2540
280 9392
9193 7693
6425 3521
3878 5048
4689 9751
2653 1893
1921 5895
6750 4056
9629 8757
6802 7918
7491 6576
8128 4887
2252 4788
9269 4845
4566 5433
6254 1844
1565 962
2938 7508
3594 4110
7634 6616
6610 268
7784 4852
8840 1077
8903 2355
3680 4774
8379 9709
8670 9070
1324 1378
8273 9908
220 8553
1792 6136
4665 3795
9588 8338
4291 7730
5821 692
3225 9162
820 9790
6574 7398
8338 7912
9823 5447
4927 2351
8433 2943
70 4273
8838 5660
7169 5533
8208 3921
433 4533
392 9756
7942 2989
4562 1263
6375 7931
2905 9920
7993 7487
2416 795
9271 7159
8495 1433
6491 7450
4069 1673
4106 3303
669 1410
2204 4776
8493 2217
1710 30
8600 48
6846 304
2654 3043
805 2133
5564 8699
5357 8441
16 4165
8745 9646
742 5223
4753 7903
1203 3073
5131 9805
5541 752
2440 5453
2513 9954
5025 8241
2786 3351
4158 4843
3133 8522
238 9400
4758 6213
4779 9757
6376 5856
2903 6939
8629 2576
255 6229
181 8194
2038 3663
9723 9661
8518 8571
6254 1547
9432 8966
900 7937
5163 4741
2642 2492
7463 3229
2615 5660
1879 1488
5683 1725
3803 5440
5068 6554
7213 3033
6894 6542
8553 3625
5452 98
4822 5127
7302 3858
74 3781
9366 4112
1249 7118
8934 8699
7882 8912
8634 2176
1164 5689
1333 4002
9476 6877
8864 9209
9560 6483
1729 5651
6784 4066
3416 1259
2704 4849
8372 610
5332 7917
6118 3823
1167 2883
3968 8619
2568 5773
9836 4866
2698 4995
1986 3916
9435 9068
8885 8666
5783 3294
424 46
2326 3587
5359 3097
6060 8492
9351 4193
9241 9132
9713 3707
4846 8512
3273 6343
5062 3648
4609 2709
634 1893
6579 1533
6816 4895
5000 8861
9092 4202
9082 4799
2394 4744
77 2541
4191 275
1894 3988
5748 6260
9676 3694
228 667
6756 8883
5398 5894
6341 475
7746 4237
2763 3876
8866 213
2957 3153
9051 5309
3923 5005
426 7059
9564 8736
7139 6055
7170 4320
1643 3734
6535 5317
9848 4428
2595 3308
2281 6877
6061 6873
7337 6500
4030 335
4522 4274
2758 6792
4608 2661
3627 2469
4376 2981
6674 9333
6047 6618
5279 3363
7464 9321
5857 6510
8178 1573
4083 2679
5709 2617
3515 6076
5037 6127
4989 4736
7889 9380
5920 4961
7231 8868
5417 3338
5473 9884
1286 4130
7428 9179
183 2672
9106 6843
9442 6188
6649 9593
521 9011
2004 8343
9476 5603
6486 6129
3530 6368
9883 4497
9026 8286
2743 4363
5363 9947
7647 9773
9150 3040
5500 1793
7820 1861
8422 4330
6843 4056
3297 7523
1880 4749
1950 9002
3033 5
9390 6146
3398 6847
4380 1776
2110 5788
8080 5529
2591 7594
8387 1343
7294 6219
4952 8143
570 2134
915 7236
2802 127
1591 9175
7269 6568
7774 9545
1507 9287
6267 3264
8979 8220
9724 5316
5485 292
168 5035
5423 8292
3213 7468
473 2062
2896 9599
9377 1840
7134 153
4914 4923
8842 4219
5378 9246
5909 3025
3181 397
8664 7922
6454 1148
3032 8579
5423 3460
3579 5425
2119 2952
5381 3389
2918 9450
9937 7158
7544 500
4479 6635
6858 492
1 1057
1599 9136
786 2357
5035 9715
5728 7962
2028 690
5119 510
9024 2278
9275 8403
2774 2168
8985 3303
1210 7923
2451 9321
3121 4644
2910 8373
8737 8219
6369 6983
9417 8760
7708 7351
6413 8272
1173 5776
8243 1424
8363 395
8882 110
3417 3427
3865 9854
9885 8990
7237 2366
2815 8585
5505 566
3377 3318
575 1173
5085 3098
7352 1952
4226 9617
3276 5436
1914 2784
8317 4134
360 629
9019 6241
9428 9184
6001 3679
1363 9969
1610 9696
4527 6046
6814 7765
3404 9970
7302 5927
6180 3841
9734 9500
1566 7297
9142 6034
1617 7218
9856 8016
8066 1878
2174 8397
6811 3459
4785 1705
2977 6554
7916 5929
3719 4894
3913 9418
6097 1680
826 1384
8424 8655
1979 7027
5241 4351
3990 4944
6254 1070
4832 6745
3208 4977
8782 7426
7876 7452
2668 8032
7028 8851
4923 55
1062 2642
4847 4139
9234 6562
3337 4914
4920 7973
2353 447
2682 5848
4979 6003
2138 1811
7112 9788
6178 8135
2922 1974
3645 6927
7627 6377
3636 8856
1843 9735
6849 700
8332 56
9023 7776
8723 4414
9040 9038
8948 7486
1548 8015
1375 5595
3410 4307
5209 9397
3542 1824
5702 486
7877 4208
3129 1596
119 5388
9306 5842
7346 7458
4517 9902
8201 5420
1678 6596
7235 6793
2423 7381
5669 8707
445 8068
4609 9445
5646 2407
6575 1379
3094 1912
9962 9532
3671 5036
572 3665
6805 6833
3196 5612
2268 4443
9810 9412
8240 6141
6852 9438
2290 4843
188 3154
8995 7854
7166 4620
2507 6040
7624 8223
6828 6415
7466 6633
4789 5392
151 8099
9663 7518
2776 1022
6512 2306
5309 3947
5811 17
7669 8124
2803 8074
5076 6220
8760 2372
4829 8093
6707 743
5799 5137
5543 425
7472 3797
7739 92
912 6741
6297 4727
1846 6141
5732 2445
1770 4629
5731 2725
4748 7339
9377 756
7944 8869
7794 360
957 5565
5839 912
7168 6811
1155 3591
1597 6828
7602 122
406 6556
515 6194
9112 3105
7915 3675
2565 6259
578 3852
9291 3995
582 3354
88 2405
5384 597
2082 1321
3786 2116
5162 3667
8636 7670
7036 5774
6460 2881
1549 6760
2284 9996
7179 1279
9025 8020
3301 4818
7326 1409
1025 5057
133 4511
6497 4526
4032 7818
3840 4441
514 3849
4869 5622
4843 6552
8839 9654
2482 6466
1493 2404
2857 4283
2612 3859
4543 3698
786 3585
2002 2879
9040 6962
3519 8946
5732 9166
5421 1170
3803 8079
873 9575
183 968
1059 2851
6039 7280
1274 4222
5716 505
2402 5801
5683 2588
9182 5106
360 8436
6909 1292
3801 9297
8907 2776
4763 1266
7208 1249
4531 5574
3187 3618
2713 7899
6421 7959
2785 8215
999 5439
1067 7690
4132 613
4955 8188
243 1492
5582 7855
2268 8279
7716 1798
4227 2254
1401 252
2121 1043
8417 7467
6247 5577
3547 769
9149 5457
9430 4923
992 3632
6946 1192
7019 6808
3566 2984
5343 1378
4259 105
998 7743
4732 4462
897 6887
32 1530
6736 6323
2139 7939
9911 2726
7372 140
455 2888
4833 8132
9202 1268
5498 7304
6742 8760
9433 6190
6514 7747
150 3152
9116 7540
4253 3082
3410 7755
4085 1468
8785 4785
2095 3618
6249 4452
6968 5510
8217 495
8809 8331
3711 2260
2229 8505
4517 2542
5128 8514
8491 5250
5957 8941
7290 3126
7113 7728
6416 5157
9876 8075
9375 6743
307 6027
7462 6848
7315 21
9527 4181
6562 7476
9814 5260
574 945
5378 1055
728 8525
2954 3437
5364 6185
4332 9921
2683 9248
6915 9678
8782 4255
714 4136
9081 6372
1155 2502
4095 8030
2566 3059
2900 1204
7632 6256
3227 7242
7159 4887
4138 1519
8667 1378
5360 7796
5414 4326
3787 9560
4493 9962
8555 1641
1562 6320
7477 5267
7379 6054
7446 6371
4596 4944
6409 7945
3305 4852
6993 8912
1921 7
9478 7018
7095 1477
9945 5506
4492 9012
7244 357
1412 5029
9232 2680
7439 6425
7484 5522
2747 5612
4970 521
1021 187
7255 3846
6372 5236
3205 3819
1273 5463
895 7777
9638 4192
4208 9388
710 8146
6206 78
9667 247
3167 7290
8214 6934
1561 3124
738 6679
7421 3512
5101 2602
6952 8030
2800 9604
3504 2802
5999 6472
6493 2885
1970 7121
3567 8225
7206 8405
6954 391
393 6763
126 520
8304 1514
5767 3894
577 8359
6856 6780
3671 2369
8302 5854
1053 1101
5634 7724
5220 5322
318 3585
3065 5526
4119 1404
2789 4782
2074 2678
1943 6291
7950 6408
4565 3689
2261 3206
3620 1640
7285 6481
4301 6759
8264 2477
4655 8807
7357 1815
1926 3222
638 6894
6253 9279
7583 7189
7765 9794
4116 6769
7448 7616
5313 5057
5272 284
7055 314
1653 4834
7494 3861
9946 6629
1023 4351
6356 6154
5135 5427
7836 849
7625 5612
7251 9542
6636 8425
7476 438
5391 3216
7134 8347
4805 8233
9992 5211
6746 9169
8468 1047
123 2595
2372 3462
3170 1552
5286 9277
3354 2466
4011 9136
1148 7332
5118 9297
5642 8504
8543 3455
5871 2329
771 8088
7228 109
7456 5359
9606 9166
5553 2452
6615 1503
2646 6277
838 5010
5751 1766
4547 7910
4479 9518
9127 904
9740 7471
6382 4840
6149 9956
5618 7079
980 5266
3658 9506
9918 2147
1324 4921
1244 2173
4719 8066
752 3719
954 6121
6995 3971
8904 8726
4297 5543
2619 9169
49 9490
5892 5583
9032 599
5344 6812
7542 5201
6344 9317
8330 9224
8109 8869
3132 9298
6887 2776
9242 3892
9289 3706
5870 1237
5553 386
2657 6324
6059 9494
2779 3130
9723 7500
518 245
5400 5723
1977 1479
8870 6162
3223 4023
6934 458
2450 5713
7578 7988
3290 5717
760 3068
4158 5008
3695 4126
7599 2440
4180 2187
9090 7379
4041 9999
8666 4110
1256 4212
8206 9533
5172 6211
480 7152
6570 301
1704 4461
7676 3509
3079 6079
9853 299
5199 878
5440 5236
935 6388
6014 8842
575 9203
9675 3081
8457 5889
249 6333
996 3240
3330 8831
4930 5953
8368 3770
3153 1183
9377 9216
8930 566
3406 8539
9181 4324
5926 3954
9146 2783
4973 6787
6961 763
962 9475
5807 5177
593 859
2333 2457
7199 8934
1146 7361
6665 3756
9327 7369
5605 7293
1975 8190
4607 172
7672 8480
444 78
9363 6711
9125 5269
6988 6335
6126 2426
7580 181
4947 7366
8046 997
1500 6309
4903 9679
2032 1476
8489 1754
3567 8203
2421 5823
8626 6937
5540 3980
1753 6688
5790 7621
9133 7286
6506 9403
963 3806
4593 8401
4100 7600
4482 7540
2411 9323
5992 597
6521 318
5994 5286
2336 4386
8207 1951
8728 1298
3618 9716
1763 3138
6332 1165
7183 803
2676 2712
7602 5376
1132 1675
3164 5855
5800 2922
7299 3382
3969 8495
1959 6510
9258 3839
8433 3261
9995 4153
8355 5656
861 3429
9046 9005
5329 7577
1065 4226
8518 9378
5253 1715
7194 1891
8728 7217
1069 1544
1120 4581
8615 5559
5862 8339
7382 9082
5774 5228
2116 6080
5733 9984
68 9094
6298 6273
6094 4342
6438 3975
5015 1
4909 2340
9284 5575
1832 2818
7344 5420
3517 7155
8326 9458
3128 5988
8144 8882
9776 8571
7894 1420
1075 2944
1247 1608
8023 859
9831 8853
5019 3812
6290 9933
1006 6853
8422 4805
1670 304
7716 1169
8381 2178
6707 6010
6754 6261
9291 9676
2710 7750
2705 7382
5891 7420
5167 8634
1225 4679
5062 2714
2147 2498
6412 1820
5225 4699
9362 5725
2767 2078
1532 6121
4467 9257
3588 1224
7278 4398
1459 6279
3992 1985
5418 3455
5212 8606
9660 7624
273 5095
4811 4229
6162 9308
9536 7847
9422 870
5935 4394
5144 1371
4153 6556
964 2233
1265 9246
4634 3253
2707 8784
2216 9730
8200 9740
8134 3721
7177 5712
5163 2022
7574 6858
1196 7089
4345 4723
7087 5093
9992 4348
5062 6520
5204 2014
4072 3479
2926 2649
4074 2746
5118 2498
1094 1427
9788 4138
9844 2505
6136 4299
7787 7326
3860 6579
8645 1173
4096 11
5717 872
3156 9194
6132 4498
2410 6180
3238 7993
360 2127
3474 1908
3855 8394
3201 8520
502 5141
1653 2950
1241 4715
122 7010
2382 6611
3483 7413
4766 3302
3458 7198
6695 6418
7199 1584
9020 171
8866 2128
1734 5904
9894 3541
1331 1660
4004 6898
7040 6752
1478 8273
6907 6224
3926 7068
5501 1209
8047 1683
1740 3404
1684 4352
6161 7958
7692 5853
2080 7221
8270 5617
8307 6744
4751 8346
8222 3340
4802 6195
6710 525
6740 7446
6341 6343
5739 7435
6155 6119
6344 6252
8634 7239
1799 2217
5980 3104
7987 7713
7272 8735
5259 8942
9495 9537
3054 4763
4944 6478
9936 2642
9225 4541
7211 8921
6226 7605
2418 8658
6678 5846
6640 6468
7733 4916
5864 5022
7633 8094
6666 7981
5127 329
6812 5911
1313 5819
5624 6560
1010 3641
6332 9317
7556 5743
9598 901
6779 3288
6760 4439
3724 8344
72 7518
6290 349
5556 28
6299 2067
4951 5899
871 4409
5274 3248
7432 4085
4392 7810
5813 2011
9274 2283
4954 9924
3727 7526
1453 8633
5334 1749
9576 4937
5657 3373
3224 8576
48 7192
9989 7460
6614 2287
115 6314
6616 103
1004 2718
1686 2294
8595 3194
22 4438
2038 423
7922 3835
3457 2111
739 7648
5140 1894
1985 2890
7949 8809
4860 1323
1434 3424
4089 8392
9019 6401
1831 1135
2658 8410
7291 278
5009 2088
5066 4600
3405 2189
2148 1481
2182 2394
105 2660
6219 8386
9737 9922
5625 6432
5607 1551
6613 3815
3680 1632
3771 9709
1678 6083
8244 3242
1078 952
5802 2896
964 6396
6650 4290
7223 1812
4616 9128
3044 9776
1487 4242
8457 5029
3730 4610
2817 7646
369 1470
9282 8124
6742 9061
8576 7556
1864 7427
2736 1114
1624 2407
9922 1101
1041 9948
9917 5914
1893 6792
1177 6268
5683 9374
8282 2915
2714 4999
7243 3945
6703 3703
1880 9560
2007 8520
1434 5952
8797 7684
1103 3435
6316 7650
1949 4824
2393 2446
3896 9382
7378 6070
6315 2555
9050 5458
7607 8805
8844 2384
5002 7944
8139 449
8648 8635
4150 5257
1823 2667
2139 4449
2131 6279
1390 9641
9115 2609
3663 9648
4729 8509
344 6256
1272 2986
7972 8645
503 5050
6928 9022
6383 1129
3878 8256
2745 9191
4590 4689
5960 4699
6017 3765
8282 8170
9736 9638
6923 7409
5699 5379
3684 4574
1163 2283
9169 5423
3484 7892
566 8062
8 3001
8225 1778
4136 175
725 3472
6013 1460
926 3360
2118 9122
8558 5644
9523 3008
5475 441
1488 9038
6226 8834
4898 7806
7341 3692
4208 3116
6955 6929
562 8666
2306 777
6553 9285
8035 7483
3748 4846
1373 5732
3989 8635
2049 390
6250 720
4530 3016
9770 9216
8487 5218
5218 1311
1255 5874
3347 2168
4209 7264
3862 8717
6040 5177
9421 2161
3297 1051
3877 4008
1146 8411
5581 5355
1443 1349
8000 6019
9495 2147
1528 4044
1597 3781
471 7008
7749 7058
3926 1753
3420 3816
8042 9805
1269 4842
2598 5888
7914 7330
8472 6439
9619 8021
1889 5294
8 8864
3327 4224
23 4197
6907 1103
6388 7832
4767 6700
8622 5934
5249 8375
9622 2986
2117 247
4267 5749
774 2273
4694 8202
2849 4983
1850 6774
9575 475
7371 5100
7806 4110
5319 4615
685 6760
3488 8564
1169 6379
1789 9537
6027 8810
3705 8300
2199 7500
9372 8243
586 3999
6532 225
397 8683
2642 1011
6652 3289
8280 3970
9010 3742
6822 3977
5483 2754
6329 5514
1053 5957
8970 8778
3541 2029
3243 328
2540 2130
2319 4440
8360 1601
2326 2494
9650 9693
1974 4821
3470 4836
109 229
6466 2579
3711 2083
283 2488
9688 8395
7918 9439
7459 2115
4294 6172
2758 9929
7530 2969
2118 6178
7430 1724
7915 5840
4594 2671
7006 62
1562 4955
2907 1449
6757 16
2914 4080
423 8048
4738 2703
3204 6387
5833 6486
6941 1885
4840 1340
4602 4321
4993 4
5240 3960
2754 955
4610 9536
6105 572
4725 9494
6017 5329
7274 7295
4069 9732
6117 7678
783 129
6269 526
4993 4123
453 730
1921 5274
8820 6152
7139 1595
2293 7519
2690 7250
9180 7779
8394 4994
2464 2289
4502 1915
983 3651
2198 7218
4878 1241
6168 3431
9333 3328
7387 4756
9137 9879
468 8585
1177 3946
637 6756
4778 4137
3449 6593
8646 2104
3533 2206
4489 961
8151 8914
5553 9972
9659 3485
5197 550
5192 5915
5948 3777
8190 4606
686 740
1074 4434
2167 2547
2560 9339
8865 1990
3678 4618
3123 7872
5816 623
3815 7666
1237 5898
8317 3622
8397 6839
1895 3619
2672 8734
4133 5940
4858 1840
3807 3486
2664 9817
9013 9939
4989 8732
7562 8846
9262 5314
9130 2627
94 9775
5361 27
3159 4786
6318 8603
7043 5207
7657 2529
7771 7086
8430 7797
22 564
6546 1832
5115 4366
1359 8550
2617 1732
1123 6639
3401 4412
5170 8937
9690 512
4923 1600
8911 4010
4710 1583
5098 9256
8240 3303
905 1527
7593 8342
4457 8849
2974 7754
4379 5559
2940 2357
1396 5219
843 7258
5667 7838
6904 8397
7434 1947
8859 6215
5330 1824
4431 8957
6922 3575
3530 353
1117 6988
1151 9663
3911 11
3122 6760
7774 4684
2644 9771
6845 580
1467 6236
7130 9147
285 449
8892 8560
7611 8860
57 4075
6492 2146
8850 491
964 5750
1449 2121
7886 3438
9405 7049
4522 1379
7820 7367
2107 8915
9887 5340
887 2236
4140 3198
5397 4136
9798 2632
4270 6989
28 4685
91 5714
3944 3424
8795 967
9001 2182
6918 7986
6032 1090
4788 2094
554 2877
8595 4728
9839 5923
465 9504
2850 6374
22 8674
2750 2857
8789 8575
591 5638
1829 2055
1313 2512
1153 5027
3624 5728
1389 1778
7825 4720
3128 1585
7800 5309
9776 4228
3562 7553
4982 7224
6670 769
1556 2838
9437 4292
816 1543
3081 1103
3378 5391
9730 5080
5575 8850
152 8814
4236 5993
7740 1366
8791 2471
9982 4188
1553 2781
343 542
3449 8625
9105 2523
6663 3722
2403 8117
6372 4592
6625 3217
1790 4060
315 9115
2423 6075
5249 820
271 1402
2014 7367
230 3172
1867 8169
808 1059
2148 4445
6602 7214
8599 7084
6656 7604
9179 6605
4471 6961
1659 3064
1392 4920
5140 727
9518 9460
7219 918
7275 3881
3195 8573
5528 8752
5798 4260
1061 7807
5565 3825
4910 5070
1598 7876
1684 7069
7582 8743
8677 6367
2728 1826
6771 7598
5006 3181
748 1617
7308 8705
6037 3025
3549 7111
7681 566
5300 8241
5869 4042
8939 2487
8843 607
290 743
2477 2924
7288 9638
8625 8533
4164 5986
5410 3922
703 6022
3042 4352
2056 6240
2729 8484
6181 9906
6074 2095
6508 6312
7756 3465
1858 364
7480 1505
7548 3334
2861 9930
7720 4007
9504 169
6584 782
3584 9577
562 9015
3787 2439
2388 9194
4964 6653
2167 9982
1074 6074
2586 8312
7779 9513
4091 5526
7432 3398
3181 3060
9198 5323
6540 4109
5189 1400
9790 2945
4124 1036
3131 1682
1251 255
6325 1505
369 8409
6150 4039
4397 1390
5659 4471
8002 1965
5232 1147
2139 4512
8493 6331
9912 9823
6843 9531
2387 3408
5985 8008
1606 5717
7732 6292
5209 3041
4883 7268
8540 7002
8196 3676
8346 3244
8709 8604
9275 6047
7554 9971
5904 2484
6313 1084
9468 7858
2462 2706
8161 2122
8867 9333
5253 6027
8991 3533
7096 1838
6989 8627
9127 9448
4398 7108
7575 5884
2345 3887
4325 8307
7040 92
8235 8100
7589 4339
7189 9690
3571 9430
3020 8934
2135 5011
8619 9013
4964 463
3781 4302
4288 1794
2097 2047
9768 4856
6915 4853
9164 7963
2844 6994
7755 8693
3149 5732
2861 8126
7388 9922
4290 6850
978 4881
7425 3005
8086 6137
2817 5504
8047 5015
7545 4494
6710 7956
5491 5793
8513 82
8091 8132
7330 2248
3353 1904
9804 5353
4624 168
3647 8291
86 9040
2574 1610
8020 4151
6998 26
2473 231
5764 3253
4645 7771
8022 972
7999 187
5616 6616
3261 5447
8314 2807
1551 9297
6878 1897
446 9181
2616 544
729 2428
3747 129
5091 550
1104 58
7087 4797
2403 2304
1895 7072
1245 5615
4509 78
9433 5983
5452 7388
9765 854
9627 13
8484 282
9463 4744
786 6748
1279 2870
1222 8386
3129 7998
9572 8590
1828 3346
1707 9487
8619 130
2959 3883
1398 6218
9877 9259
9182 6653
1151 518
4819 6127
3652 6161
8643 832
3451 5600
9143 8027
6645 1165
6570 9075
4626 5615
9034 5215
6752 6306
2811 3416
2701 1974
3108 3946
9476 1254
8541 9562
4830 5833
4507 7379
4121 8890
2197 6276
62 8712
1173 3360
3971 5789
2039 4895
9867 6307
9133 9677
7656 8654
152 3036
5071 2473
1034 4046
3020 3724
6386 6220
8054 6215
3542 7860
4505 9575
6289 6243
1209 4122
817 2406
2465 5530
8329 54
4420 1433
3612 2655
4405 6216
5615 5627
8934 3549
8637 345
2028 7373
1593 572
461 8313
4115 9584
7703 5730
4696 9513
7729 709
6253 3851
7317 4245
2223 3904
5496 9939
2317 8208
1575 634
1415 7358
3847 2438
1663 2767
1147 6250
3413 5744
3493 8083
6090 5419
8526 8256
8497 6965
6409 7099
7055 1819
2343 9913
1181 1196
9763 4488
6148 4687
8769 4664
6979 1191
4964 8160
3878 5940
5046 2711
534 4651
1582 3571
7021 703
4593 510
2108 1829
5607 5824
3183 9861
8845 9971
7489 5233
9952 3376
8049 3382
2889 8518
4507 3581
8940 2928
5961 2884
1517 6353
4783 9585
6005 2654
2338 4075
186 2142
1298 2061
2166 3070
8282 4092
3350 3143
2095 4075
5546 9474
4635 5672
7004 4170
8855 4441
7400 6478
1925 9039
3831 6451
2792 5359
7548 8560
4100 2966
9958 9564
8779 8822
6602 6873
9084 9701
6804 1853
8450 1791
2583 9521
5057 6258
3993 5134
2167 6625
973 1075
7528 3343
1051 9733
4036 134
5203 6413
9762 1293
3211 8535
3395 8951
9871 1587
4895 9321
9556 9943
9058 4940
4928 8661
6344 7331
9345 3667
8895 1239
746 4972
3446 4432
5722 7004
9729 9430
8058 3939
3140 7543
7436 3599
1449 9459
7215 6144
8036 2247
628 2205
7773 6825
3053 5636
2527 6075
2239 5501
3477 1518
5876 91
7208 9354
3625 819
8536 7522
7408 398
5534 2078
1085 7036
7350 7448
3830 6605
3153 9397
2487 6787
4444 5150
8950 6998
7412 5874
8226 4051
8335 6658
8411 229
9489 1362
8391 8667
5482 8920
6613 667
9937 6994
4601 618
4189 6157
1942 9012
2827 2961
2102 8607
5225 8659
6661 8852
6429 4443
8239 2290
2317 3433
6826 2300
5727 6882
501 4894
8853 4144
8272 6632
7115 7065
7930 9064
1915 4722
6350 2621
653 9451
5378 4599
3011 3461
7364 1471
7831 5078
4441 4161
2071 7222
6570 8086
6493 2547
2437 9301
3424 5796
519 1252
6026 5799
9732 4462
7625 3126
813 1898
9418 7577
6988 9422
7696 2327
1355 2011
387 5176
1330 3220
1257 3515
2444 156
9907 9530
5439 6610
5671 9451
2452 3970
6562 4353
4729 4224
8690 938
1486 4749
3667 5960
9555 2066
2823 2140
8682 5119
5403 2660
127 7525
7536 240
128 1500
9460 708
2290 1313
1654 501
9921 9587
5038 3143
3026 7116
4374 4447
217 9743
2121 8493
1911 7886
5414 8549
7049 1495
8918 7077
2447 7280
1770 3870
710 1134
7223 1339
1502 1491
2361 9564
1120 4243
9558 5632
9188 733
5412 9838
4032 9738
5462 8459
8509 5907
128 3055
6254 9471
181 2886
7594 6300
9528 9353
1172 1096
1694 9856
7645 3936
9663 6236
2226 409
6723 4409
706 3896
4432 5772
6245 8307
5046 1584
7636 9539
5298 9096
2939 8553
2164 5331
5639 1264
7160 6287
4450 3847
1447 366
3524 5407
7613 8150
550 1381
7634 2252
8962 1416
1348 7091
46 691
6396 7115
7832 585
9139 7275
3760 6686
5909 7035
8106 3972
1458 9979
9124 8454
7514 9509
3040 1889
5419 2868
9928 9711
8885 287
2676 1302
1561 56
2652 259
227 6647
5334 9892
9940 9826
4868 5588
6251 4579
128 5972
1596 5239
8866 4595
2632 6405
9334 8021
6561 5024
3321 1660
4097 8501
478 2938
2610 9123
7177 9595
7553 696
8714 9248
6611 6786
815 3041
9037 3925
8087 2643
4742 6548
5558 407
1363 3424
658 6004
8594 9073
177 7933
2064 361
9063 5636
2297 8568
5124 3435
2736 275
8196 9944
8486 73
359 2235
2151 552
5141 7703
2635 1536
3463 9699
6281 6112
8257 9849
7536 5690
3796 4495
9365 792
9311 9134
8119 7362
840 5519
6015 1583
7291 6805
4927 9623
3425 6149
9699 7699
4253 5026
8778 4381
5390 8697
5693 7724
1728 5341
9145 6902
6264 6679
1486 3872
9908 6056
3739 9392
9696 565
1526 3860
5005 6308
7548 1510
2471 2953
9151 4702
7810 9166
7919 5977
247 6142
3886 6012
7915 409
2352 8055
5244 4126
665 9797
6100 3496
9838 8897
3306 688
2043 5434
1522 6273
7655 6774
3238 6227
7876 7151
4323 1434
1835 9662
7802 8614
9801 9589
2600 4524
