6500 328
3447 3631
5720 2022
9138 5828
1914 7345
9396 2373
27 4026
8124 530
2295 1257
126 5071
2901 5046
736 7666
3725 4227
1160 5296
3100 7145
9826 3202
2254 5558
9324 8052
4359 6139
2890 1601
4298 7752
2780 9141
6396 7498
4001 2022
1885 8245
4516 8296
4037 2682
8638 8803
6468 7127
5309 2235
2831 184
7644 8725
17 422
4142 9408
6441 248
1431 9237
5268 3676
1525 798
2843 665
1095 580
4828 6321
9034 4103
1528 1594
5729 925
8344 5931
5635 7036
7314 9651
8262 6468
8766 4884
4250 1548
5183 9524
1774 8906
6292 102
4415 7722
3239 1440
9560 6577
366 6835
7506 7246
2108 5093
8878 6222
2654 9602
7513 914
2419 5128
7165 4690
9514 1061
9982 8282
502 6587
2302 5519
9186 1720
8744 6266
9171 2130
8093 7948
1726 8347
9224 3910
1663 8604
5756 1748
5027 3685
912 9273
7357 8668
2905 3066
9190 4611
4569 8388
7267 9107
6738 9024
2560 1473
5506 8946
9525 1007
6430 6642
229 5714
4404 2000
7349 8726
9417 5570
1872 4063
2824 9147
1836 7133
2677 410
9179 9536
3436 6882
7772 5095
6696 8063
6305 3289
9293 9615
6714 4626
5417 1393
7941 2493
2291 1940
2082 3732
4589 6135
4596 3917
3056 4381
6457 8519
1383 7616
8057 9033
7815 3057
439 1819
4468 4767
7695 6230
1340 865
4251 9763
5947 5259
5860 9186
4143 9886
1277 5507
9425 4129
5880 1891
7164 7951
9856 9697
8145 9880
1101 7819
2309 9158
5040 3144
4756 8765
5754 2257
6170 7219
4573 3802
6140 529
8157 6165
9786 9054
9864 2192
5569 5974
8352 898
8623 947
1869 8495
6359 6777
5553 5630
1476 8521
4189 5826
3002 5849
8683 4201
3583 4609
4186 1375
7442 2009
50 287
6236 9695
8983 8802
1895 2764
7429 9458
9377 3945
1145 1035
4556 3875
3265 2666
3393 1166
7945 1897
4575 5654
2582 7554
4627 7599
9082 3730
8879 4147
6449 5553
754 8223
8378 4859
6593 7366
4401 6419
3095 9696
7614 681
5876 7063
1233 8630
5793 4166
6319 4285
7072 6047
4906 4093
9042 798
7824 7724
7716 5387
950 4324
8692 5015
502 7563
8460 2788
2773 8159
7634 3371
4372 1883
1709 8896
5826 4886
3839 1524
541 7091
2640 3804
749 6743
6185 777
7230 7886
9141 7188
6046 9089
53 3789
3361 992
2922 3525
7882 9013
9956 1641
281 5587
1683 3901
9788 4917
1331 2446
2838 1890
1701 9257
3610 2209
2360 451
2398 2526
2652 7287
6960 433
4403 1621
8639 6385
836 1620
3935 1876
8067 2771
100 2398
1489 768
9394 7463
8051 2159
9730 1031
5564 1758
775 5904
2860 2233
8418 3331
8753 9441
7609 4048
5782 6549
760 8719
6507 7447
7951 9042
7668 9772
4679 9911
1638 5872
9718 4754
5932 5492
3257 3559
6816 7841
5163 8065
3013 3321
6757 6025
5305 2107
2512 4067
8178 7211
9993 9035
2168 9159
5955 2741
2942 3032
2941 787
6035 7312
3873 5145
5779 2094
2940 7878
6537 693
8729 6471
7278 7525
2092 1421
7456 2940
3700 5122
4117 4332
959 4095
1266 815
3524 8725
4719 9033
8919 3875
1808 1535
7294 3761
644 8867
4501 966
2542 7931
191 5993
8254 133
7 940
4179 8607
3233 8870
5655 2857
4341 4869
9638 4640
7398 1507
9920 7717
8698 6226
939 7511
8540 6500
8532 3641
2268 4026
4965 1040
1281 840
4190 1841
259 4468
8668 9540
5738 5152
6707 6761
4805 9509
9653 2071
1109 8166
1846 9026
7215 4379
7654 7447
7323 9985
8663 5611
6457 5003
1406 7763
9258 3470
6277 7947
4599 9685
375 8487
6128 2512
5414 2658
4934 4346
9298 5998
8601 8742
2280 2362
4477 5166
2406 7754
7879 2861
6237 3272
9978 1571
6062 5551
2441 5893
4982 9091
1507 8430
284 8854
4000 3178
430 4158
3850 1105
6959 4623
9400 7719
7228 732
6138 3608
8308 9962
323 2591
6028 6130
689 860
5058 6043
1526 522
677 5732
412 4968
3895 6809
5768 2966
83 7855
9823 9847
100 2964
6825 9598
8618 8090
3225 6427
3458 7877
5115 5350
7412 7167
1320 6368
4799 2351
2133 6697
2447 4953
9878 1524
1206 1137
9036 4141
7050 4882
823 8538
840 9349
6286 98
297 7409
8730 6431
7771 4402
2611 262
4009 6920
9404 5540
721 2424
5490 7245
362 5238
444 7511
5367 7398
2402 754
4453 4647
470 6920
5643 8525
2718 5917
3923 7453
841 5383
7133 5826
9945 6276
7923 6914
2649 4101
4223 2965
729 2698
2523 7600
7068 4545
121 1630
694 3609
792 6881
7636 5590
7423 3847
4603 8584
995 716
2595 993
4399 1489
7340 3166
1656 5617
9792 3811
1451 8160
4240 3561
5696 2012
7166 6602
6475 7774
3985 636
8807 4557
6666 3432
6877 1292
2155 1458
9187 7370
5351 2513
1889 629
5872 1100
3233 7938
3660 2937
9515 6458
6709 6696
1131 9958
1749 2913
8846 1267
5480 9191
9447 9325
3591 5876
4508 7343
6558 9003
9063 7263
8668 2784
236 3930
6893 3715
8365 2258
9998 3148
9271 4100
9847 8656
6172 3768
6271 2081
3955 8083
6067 4130
4876 1236
8916 210
8531 6481
6574 4393
3308 8134
2832 5758
3961 3994
8468 4373
5924 6872
8582 8689
4295 1432
9386 2992
1476 156
1006 8858
5634 461
4552 7837
7356 3326
7163 9591
8891 2450
5160 740
8914 4447
1411 8653
3545 8766
8176 707
3026 978
7526 6671
2055 9186
1911 5922
4359 2476
8237 9079
700 1223
7315 9972
6011 9066
1493 7060
3147 7078
9944 298
273 1250
2478 502
5768 1871
7498 5483
1038 2866
3316 2460
6948 1579
7055 15
9180 29
7572 2478
9160 7931
9897 9942
8296 4347
4228 3120
1659 1667
3994 7712
3352 9888
9114 2462
609 871
894 519
3536 3526
1962 677
3054 7244
2063 199
1824 6939
7354 1989
5346 1619
749 4050
4829 5649
7462 390
4967 1205
423 7346
123 3145
9407 3189
9833 7240
3290 1906
9320 6953
1489 6426
8201 1241
4093 3401
3974 9386
228 4068
4156 8161
8063 3901
153 5280
6740 4024
7083 5726
6583 4175
9672 7024
794 39
4273 5157
4712 1078
9643 4397
8325 1690
1079 2352
7596 1106
4933 4306
6186 7969
7006 2316
6541 6033
702 173
1100 5940
8938 3328
3604 1852
2081 4392
4949 1895
8106 8457
6733 6703
6985 3740
1926 6144
1581 1301
2850 6671
7568 23
2524 3224
8159 9261
5767 371
5544 5382
5870 7974
8827 2284
1948 7771
3884 3126
9776 5357
8040 2854
2997 8840
8163 5375
6093 8394
9109 5424
8783 1316
7355 4180
2703 3576
7761 8753
6483 1737
5936 6374
8710 9915
6419 5557
653 8201
2099 5863
5591 6830
6243 7661
9405 6649
3029 4263
5919 4996
7233 7585
5724 5426
476 430
3462 979
8841 3774
4466 5287
570 7374
1150 4552
3455 2492
8193 1570
1351 1170
6781 5176
1679 7701
9062 9601
2120 8793
6769 2621
1179 4300
8743 6515
4419 9472
2666 517
1756 8959
9522 7360
6642 3109
4028 1561
9738 7941
2089 4150
8951 1855
3929 745
4598 8711
3715 6681
8316 7264
2439 2273
1277 6688
6613 7763
8654 2952
285 1462
3456 826
6961 933
6933 1540
3769 4502
3050 2119
6851 5563
8775 2918
3031 4595
9194 8900
345 5989
1486 5160
6526 476
1107 5920
3120 5231
2604 9858
3915 2208
8174 5679
2693 4423
5656 877
7658 7523
6895 8189
9030 4866
8392 5459
3943 922
5151 5018
3014 8983
5977 3404
6654 1631
1866 4515
4362 7151
7414 6696
8457 9223
8788 8369
1376 7124
4948 7002
6974 3717
9535 9200
6701 5359
9849 2929
1450 1061
621 7170
4625 7015
8717 8346
3463 5708
442 509
633 9812
2646 8514
5797 368
9135 744
8361 4717
8822 9804
8376 3235
958 7071
7334 2384
3217 7221
4572 5128
8845 2440
3635 2084
495 9058
9341 3716
3517 4159
6393 9446
8605 2331
6873 8388
3169 296
185 2179
5218 9981
4057 7787
4289 498
1291 9010
4199 9738
6101 8409
728 5313
5888 9192
1147 5588
9167 380
1102 5706
7024 3687
6199 8005
7736 3719
9697 9130
3977 2361
8969 6346
955 3675
844 657
1099 8830
5436 12
4292 1370
4153 491
5356 1933
3921 6315
3260 9741
2156 3056
3345 2142
3840 4188
1155 936
8033 2334
6485 8491
4726 9500
3813 8826
4502 3154
9299 342
1818 3877
2297 2879
5262 8733
3443 6970
7430 8023
3551 7201
4789 412
2650 7320
5188 589
4806 1460
2280 7499
5395 3950
3574 6351
3558 4908
3119 7765
1023 1624
4308 6161
8714 2535
3498 6382
365 8484
7240 8488
291 3817
7285 842
9909 5626
78 7145
5952 7317
8005 1267
947 9197
3837 373
2359 1215
3292 3992
3688 5588
2430 7781
9030 3496
2294 8730
6501 8222
6248 4497
3980 3671
8276 5645
8856 6083
3293 6978
6335 4306
1168 6093
6380 9697
2632 320
1772 1268
7746 4220
4061 7053
7100 6921
9422 6948
5072 6132
93 794
7259 5574
962 8169
6734 50
8519 6424
7134 2590
4199 6078
1503 1941
1320 4104
4718 1291
1505 7504
2345 3869
3697 8846
1572 9286
3772 1116
9456 4982
4527 9653
5188 5503
2458 622
8790 1447
1960 9839
1383 1501
4160 6092
5721 4417
7009 7281
3739 5363
308 2940
7825 9608
1722 3834
6239 619
3039 2104
1432 9426
5322 2076
3934 479
7537 2143
9418 8971
5880 9169
2478 8706
8241 8219
6061 1749
9873 5084
843 7315
9659 648
2346 9391
6507 4132
2928 1597
4073 9885
3107 9751
4238 9574
9836 6114
8768 5089
8533 2608
2704 5909
8010 9571
359 1616
904 5481
5052 3249
5865 6690
424 4781
3061 6931
3840 4290
6787 1180
1727 1221
5112 3046
6610 9855
2520 1573
6642 6236
8722 7055
7772 6847
217 3407
8320 2144
4749 9692
6807 1286
2338 5274
2729 7647
4213 237
7023 4111
4095 9348
2195 6614
465 9206
5576 2657
2893 7923
4176 6964
2537 1665
8951 4344
4824 7940
7095 6627
1817 7818
3937 6342
5509 4155
9539 9087
9699 2060
723 244
2850 8094
8112 7287
8195 5074
75 9236
1095 2479
8859 193
4843 7945
3732 506
828 7162
9024 7284
9408 1188
5922 6252
8630 757
7679 1218
3811 5449
5026 6890
5896 6537
2719 1743
3427 6460
9179 9652
4058 7179
1679 3692
871 7328
1265 6261
4701 820
4980 3201
745 4824
6294 7873
9167 7364
9477 2924
7923 8082
5378 8411
6693 1651
8227 3566
6943 7070
6570 37
6967 5267
16 6379
6409 2398
5392 7652
2357 266
8950 7694
3304 8427
5523 4233
3122 1250
2570 7223
9416 8046
1253 6773
30 9841
9512 1590
6432 4894
5422 6690
3073 5688
8090 1844
8965 4528
8350 6827
1429 8781
3013 3663
7036 9917
3773 9389
8795 8443
658 805
8499 5444
9147 1121
1701 7716
8008 9619
3679 8254
5458 4093
3409 5664
8679 8028
8833 939
7088 4672
4368 1475
9972 3670
2948 3701
4727 1193
850 8135
3416 7518
4661 309
1375 1033
2512 8975
8622 6713
6090 454
7463 5448
7470 7624
1444 1008
8666 1507
9212 1558
4251 550
9909 261
6691 8847
6754 201
4608 1216
9665 8995
1718 4252
5159 5089
9217 7235
9357 3299
4958 7921
677 450
7002 5620
4652 1101
3885 3381
6439 6453
2945 761
2870 839
3207 2415
8242 9009
3294 838
3456 2965
5090 2391
9526 9922
3514 1114
4413 2405
8234 7674
7130 9822
2210 5079
4332 9961
251 5193
8085 9074
3375 2349
8651 5764
4724 9724
6448 5167
4904 8935
7796 1854
3698 9543
7227 4864
8338 5140
6987 2532
5990 5115
9511 7056
3584 7961
8162 4408
9273 6170
6482 392
3943 5490
6695 3592
1968 3576
182 2793
9524 6887
6448 9247
1162 4366
9025 8476
331 3600
6375 4280
2809 6791
1235 9746
5956 3980
7531 2858
2404 5533
6284 9732
511 610
7585 4776
2068 1439
8013 1490
701 3876
7451 300
7476 2853
5260 3903
1765 3662
9249 7011
3662 6386
6078 3615
7600 7193
355 3024
5456 86
1184 4605
6426 4956
4501 7320
1122 9313
2432 7866
8413 137
3865 4652
7459 4938
4793 217
9072 9286
7708 6208
9911 3881
9092 2109
4470 7093
6476 5799
9968 4084
1936 360
8021 2112
1921 8803
4326 484
8684 1346
7044 3667
8561 9601
7184 5636
5246 8566
2484 107
490 7297
3211 8165
7554 8485
6217 6567
1354 5853
673 999
36 1864
4872 654
9282 9187
1430 9235
5133 6347
8494 9565
6084 7313
2354 3607
2663 5156
4054 6025
4056 1504
5450 5939
2994 7821
9400 5756
58 7305
5413 4194
3628 1849
3762 4643
159 4938
2247 1673
9685 5700
1295 6815
8079 2027
3709 8943
1471 8939
93 2904
3901 6911
5925 1807
158 96
3259 5323
9926 3750
7621 5292
2905 2426
3189 5923
9544 2693
2533 1176
2685 4731
8577 9972
8734 7376
8284 2615
1936 2824
2213 5910
4220 6642
4742 5211
8623 5380
1290 5276
1653 2085
2480 3825
9777 1108
5106 2079
4636 561
3949 2611
7157 8401
937 9445
9063 9789
9406 838
7277 4846
7066 2728
3665 390
6642 2516
7157 2064
4350 6455
7791 2644
9902 5878
1514 9373
9084 5689
8171 5109
2052 8661
3234 5421
5064 7727
8438 3136
3554 9178
8442 6414
3189 5688
5247 3972
370 3348
6106 9306
3715 3719
4074 9
7878 6785
8017 5769
4023 982
7943 6581
6465 2907
927 8700
1131 6611
8838 3581
6636 5523
8519 4352
1810 2569
5035 1474
6471 3512
7189 8463
5605 1286
8099 9829
1727 7045
8819 3124
5090 5380
7781 9670
5361 9779
8357 3975
1354 4543
5983 2713
9896 4897
3363 4286
763 4941
8501 5279
1616 2513
2809 5491
4096 2507
9502 211
8137 5783
7934 5344
4146 9270
2625 6812
2685 6998
2929 3179
44 246
5313 9398
7165 5612
9603 5841
6380 8781
429 9419
4931 1328
7867 273
8483 4977
3440 8165
1792 2643
2373 3934
9255 9983
1268 6749
5916 9379
1508 8904
9904 6779
5405 3347
8477 3393
6647 1193
4548 1695
1985 9624
738 6626
139 6026
6831 3141
369 1172
3988 8136
1844 9809
9730 3991
3514 4377
1219 494
4210 6357
4219 2477
5407 1062
5429 2895
4751 851
9019 9313
9818 8900
4701 7372
6065 7357
8643 5783
1710 6221
6545 5689
3535 2708
4877 4345
8410 9343
7105 6648
640 4632
627 2064
5440 5504
2493 9194
2970 2428
2930 4925
2687 6066
5599 7658
9353 2297
7314 9382
6177 4813
350 7737
4031 6406
4863 765
9077 8254
5523 9146
7310 1512
9339 6278
2076 9036
981 97
7910 8780
7348 2718
4860 8732
8532 2225
1004 3295
6344 6151
876 8610
1097 7580
443 8422
7694 7195
4562 1390
5105 6271
5642 7763
2734 5520
9416 573
711 2384
4356 4766
6299 1274
9259 7202
5217 5928
3247 8228
1474 127
88 845
1960 179
793 329
778 2511
3536 4829
9393 8116
5733 7058
4433 2536
6961 1877
8958 5687
2099 3346
7181 8148
3693 5120
3842 1026
3774 9811
9120 292
6201 9736
345 5803
4106 7213
3521 4161
3378 7829
9690 3541
1930 5435
2999 9453
3693 5953
6959 2422
822 8806
2240 6378
765 6996
4620 7862
3557 8734
1702 2965
5452 140
894 3156
4614 7361
623 8646
2077 554
3715 5393
6707 9666
3233 354
9186 4599
3182 4673
6816 9234
4543 5764
5888 2456
2373 7946
7833 9443
9776 690
9496 8465
3313 5648
9588 4490
5685 5761
6563 8341
6455 7787
2480 3984
2664 3186
2852 5402
9852 4833
1169 9256
4583 7402
1642 7657
5723 208
1125 5092
417 1951
4351 3195
5672 7966
9733 7650
115 3614
1377 4766
8423 4841
9707 4636
9737 5595
9760 2543
3705 1770
682 9815
749 1842
9611 9576
5405 9826
4949 4575
2041 9589
4001 9363
8520 5426
3991 7048
1065 6857
8822 1511
8990 9067
3431 8530
3391 5646
7046 1335
6041 6684
4500 5580
9858 407
4937 8524
6464 9039
2416 8316
9413 7514
83 5927
4098 1995
1124 3767
2824 4112
7221 7752
9026 6167
2769 4768
2283 2102
1784 8800
5382 5182
5705 5117
1297 2245
7529 7564
2162 1413
6657 828
2153 1796
3947 1374
4483 1475
7286 41
8396 4464
1746 8573
2304 6411
5673 2126
8314 7910
9983 5201
1126 8864
8820 2889
6549 1557
734 2309
3960 1039
6140 7475
1133 426
3746 5837
7084 3524
7334 549
2127 2167
568 2384
9599 8447
587 8707
3648 6582
6208 1842
2126 9723
2635 5121
620 729
7827 4754
9351 7102
4875 7692
8913 3104
602 5520
5480 8368
6068 6447
9969 1248
412 2914
3874 9894
3084 792
4422 7540
2568 2829
733 7855
1758 3873
4699 3333
4215 7579
9311 1760
1934 49
6786 6101
3850 7760
8639 5752
9503 3200
6205 9180
8163 2681
6669 7131
8221 4953
2712 7226
5268 2803
487 751
5044 1795
6424 7078
2219 4082
5860 134
1107 7380
3557 7091
2553 7851
8317 5154
1451 5109
9592 9634
8126 906
474 2911
6713 4326
3402 7294
8213 8278
3962 3565
5250 6515
1474 6362
6828 5280
9935 473
6833 3197
7952 1794
1660 4283
4851 6326
9758 2707
1961 3569
4903 8265
1086 844
5842 9112
3048 2125
9416 6090
6331 9078
9152 4642
987 1740
6809 1203
9457 8723
5343 8627
1867 5233
3917 5069
1980 4927
7570 801
4523 2426
4723 3406
1440 5981
9926 3249
7291 9599
1425 5196
9327 6733
5881 9385
2388 70
1988 7448
6784 6947
417 3534
8150 5130
9081 6349
3635 1349
4096 3171
3598 4925
9068 6727
3074 6590
2903 2594
7698 3219
8385 8007
3975 6070
9423 4746
1414 5707
1115 3742
2689 8222
4062 3392
1451 3817
4161 3409
2547 3790
9531 2695
2779 7522
5908 5730
6726 3461
3999 9757
8019 1419
2677 4389
8827 2944
6980 5478
9039 9128
7820 6481
9675 8642
4958 308
3260 8432
9592 5376
7710 9334
4492 6442
487 419
9237 3894
4748 2842
9920 2979
1262 4278
591 1231
7196 312
1168 3197
707 1686
6255 1843
7271 8665
9499 4108
599 9669
7222 9298
1816 9745
9705 4697
7218 6178
149 433
5959 4662
6082 9351
5732 775
8384 4610
7894 429
2018 7181
1041 876
3661 4358
7120 8806
5521 3843
5720 251
4019 3947
4603 3080
3472 2701
8558 440
954 825
6837 2100
4964 6755
8536 8476
1132 2838
5818 9219
2008 4643
6494 3661
9873 1445
9552 8435
2783 6460
3518 2587
9621 4033
9000 4771
9325 4757
7901 8219
7854 2489
1774 782
1591 4380
3067 4896
3689 1100
5666 6753
6328 3783
824 2509
7353 1681
3397 1553
7411 366
6096 3862
9802 6488
3140 1895
8125 6951
2395 2478
4560 1861
3650 8474
5661 4050
6864 1470
7524 9238
4946 6315
6473 8223
1375 5948
2447 4164
8408 4425
816 5975
2775 3464
2058 3813
9926 805
1099 8527
2910 2187
8865 381
7551 696
9654 5072
7627 2782
3967 2825
6695 1941
9762 2869
4464 7234
2802 8118
2763 1660
7908 3018
7971 6811
738 1582
8899 4425
3502 3062
8790 5837
6689 9554
633 1172
9665 4341
5649 8915
6282 9945
262 7588
2980 1461
7004 7119
5306 4342
4696 630
8931 2770
955 8359
5966 3448
9040 8891
4065 2137
8802 9791
83 8262
7307 9531
3146 4153
8089 5962
3118 6121
5334 219
6775 7237
3223 2948
334 6503
2684 9091
5929 1939
850 1389
8616 5291
3530 1251
583 6261
2150 6879
9222 7103
3995 9994
1610 8270
1935 1703
7133 5104
1465 839
3281 2089
9067 4974
984 6388
6332 2396
8489 1231
3953 1587
9456 791
6294 4530
7662 6687
732 8539
7032 8928
1342 9447
1222 5445
5893 1778
1091 8818
227 9330
4492 2745
6576 6957
9041 2318
5930 2319
3627 4407
9609 1958
9141 4968
7110 2185
5040 8256
2956 9315
9730 2661
9759 2381
4463 3411
1869 8556
5372 2638
4150 3956
5831 1144
9358 6033
290 1123
2280 5045
2511 780
7201 1206
9342 2616
6612 4011
3689 8947
4776 3854
9996 203
8782 8553
867 1605
9599 2934
1453 8234
6422 7279
1760 7507
6433 2779
3353 2168
2144 6481
9180 7564
6143 6087
8530 218
8385 8411
1828 3586
4601 3419
6220 8338
4738 4927
3364 682
4571 627
5309 5768
4380 4604
8425 2574
7489 4031
1702 3978
4710 8970
9082 1674
6533 3798
5136 845
6396 6630
137 3949
9432 4526
3172 7671
5756 2363
5810 5635
3188 7456
2498 3989
4990 1890
8318 8504
3240 8804
997 1471
3806 5381
5741 8940
9234 3333
3960 9428
6949 8146
2685 4120
9140 7520
560 1144
7861 8059
2803 1172
8476 8572
7070 9046
4211 175
5527 2271
4966 9067
2420 7268
1984 6841
9561 1015
7863 8006
4812 4201
2130 7233
4625 3593
5701 5132
7062 3502
6841 5650
6765 2007
7772 4395
7116 6683
699 1574
6946 7997
1228 7401
4909 6731
8206 9804
9598 6163
5831 4100
6669 4545
2794 6464
4108 1451
4925 4364
6540 6877
5236 144
2949 370
6498 7790
6274 1659
10 5403
5171 4571
4300 3248
99 3039
6683 4168
5875 3543
9249 1822
7439 2470
2344 7592
9751 3084
634 5130
4093 4257
8134 3007
903 5893
7125 7277
6662 6510
5808 1295
9658 6991
8944 238
8523 5747
9547 1117
8729 2924
5470 8603
7424 1155
6036 2427
900 9326
1787 8342
3677 1192
3213 9752
8917 9261
4317 8905
2366 7670
4921 3092
8625 697
6043 6989
3572 8703
6020 4561
2769 8153
6292 9765
3811 2187
4619 7724
3999 8328
4870 5467
2039 5217
2492 6663
1447 6473
1380 100
437 2610
8093 3274
7063 9002
9436 1364
2051 8554
4808 8878
9396 8988
4295 319
4692 9562
1424 6737
3007 8747
8427 3786
6622 6045
5980 1895
5721 2771
7173 9377
6761 1240
3443 428
5814 8377
853 6501
1511 2144
8302 567
5671 6355
6939 9789
2436 7056
1747 154
1889 8780
122 7968
7544 639
4807 5838
4367 960
860 5869
4355 1038
1569 3291
5150 2118
727 8025
7770 9752
8016 7976
6981 9646
1690 1698
5596 3341
8239 4524
5287 1316
4277 4933
2270 8138
7232 4221
1575 3931
856 4539
434 2425
4943 3629
2142 8638
9101 3663
2260 3320
7914 5157
5293 7290
3807 7030
1108 7981
1106 2384
2436 8281
7087 2074
6782 6756
7913 4135
1771 4845
9086 5918
7886 9189
4557 9631
3328 2740
8772 5659
6893 2911
4558 6623
5577 8770
7479 4994
2283 4345
8051 4898
9955 1088
673 6673
5149 5696
8195 6026
4293 1195
3339 8328
3953 8855
8105 8924
4847 5529
3586 250
6684 5041
7510 2864
1367 6658
7049 5770
5141 6597
3751 2002
3833 5672
5447 3289
4369 1977
820 5177
5230 3288
7543 5522
4292 7859
3167 916
6633 1316
5702 7793
6241 1762
1080 85
3153 9241
3107 3093
8910 7231
7347 4770
6158 8612
1517 333
3227 5677
4939 6211
3635 1902
8931 4039
4915 3828
7581 4034
8985 4571
2145 1486
7341 5489
8968 7388
8517 2066
8248 3521
5719 4155
100 3701
3762 5182
1802 5054
6764 9154
2161 4084
2330 4470
3727 2122
1923 4447
9158 2646
5112 2873
8911 1307
6999 8115
3404 6361
2026 4159
4067 6386
4936 456
6834 281
8416 9116
1501 8651
7612 4288
8399 9070
399 4525
5030 9603
426 8763
2664 3560
9914 3109
45 340
3128 320
7798 9023
3560 4563
3521 6319
5058 3496
3120 2800
6003 1576
3959 1749
8375 6809
7762 5337
7381 2917
2162 9146
7620 8541
1435 1941
3342 3424
2966 1186
4540 8429
6591 350
3344 1603
9197 4006
9980 8209
7296 226
1105 804
4134 4278
935 5532
9276 2173
9798 1043
5851 2741
1181 4476
5530 5970
1251 2468
7505 670
7636 9525
515 9372
5495 3162
4449 8987
1782 4276
3937 1660
7676 5292
5178 4261
4231 9942
5564 7447
226 8100
4067 9455
8142 231
8780 9403
8499 9258
6104 9341
4457 9411
8614 8675
9244 6069
4241 7014
8419 7901
3301 7664
1971 1850
550 7316
244 1520
8754 8621
7958 5921
3552 3324
7 2456
6099 6087
413 9739
2609 4788
4547 9201
6140 2199
3587 7683
549 5378
3560 8405
8930 4664
2045 5263
2838 7008
9780 4476
5339 695
1787 1985
9869 4951
6767 3877
2877 4731
9094 177
4228 9331
7200 9564
2971 5295
9084 8300
502 9784
8096 2403
378 6964
4891 1865
1915 66
4882 8981
1942 9836
3745 738
753 8028
2402 7248
2299 9706
1579 1928
9659 557
961 1608
648 8526
6519 1653
9998 8602
297 697
1969 4053
4302 6022
904 6127
7328 7729
5736 2421
5402 8796
3161 1837
1576 5466
7595 8322
3574 6175
298 4969
3465 6611
9138 4766
3713 9179
4943 8711
9999 3520
3636 644
2625 777
5504 9576
9257 7300
6133 1008
4425 6646
3577 7473
5445 9513
5152 3934
4002 3840
2614 4165
4428 5695
328 5024
3187 2829
6438 5665
3596 9399
9262 6588
9950 8325
4576 4938
9102 5368
9283 2019
183 5428
7372 8079
4852 3648
8810 1438
9340 8320
75 6427
5348 2709
2972 2097
8548 9998
2557 3352
5763 6093
610 5868
169 1216
1488 9822
5682 1443
5001 3728
2384 4765
3355 224
2423 6252
3149 7144
335 4097
5207 5026
6831 7951
8874 1649
3402 2728
9159 8843
6954 7598
8798 3588
55 3789
7353 7760
1815 8410
7647 5262
7339 2736
5758 4972
869 380
1863 8768
4885 6158
4303 2936
3251 2836
4178 9019
1351 7939
43 5884
8835 1229
3663 9245
4079 6700
3281 5688
3509 3093
2809 9949
4010 513
7817 9056
7916 6374
7564 4148
6330 3424
1677 4334
2819 7115
133 1704
7212 2742
88 5232
2385 8142
8308 26
375 6530
3480 6107
2395 2492
6229 7453
5169 8099
2747 7712
7880 1524
2208 4447
4639 8132
9505 7937
4231 3254
5667 1936
3818 347
317 5202
1131 2524
9392 7059
4016 1277
7594 2826
130 5563
2018 5334
5472 6665
8239 3428
3853 7799
9977 4489
8666 917
7173 8141
8928 6121
707 2086
8769 7043
1484 6211
2531 6552
8809 3023
8577 1437
1609 9285
759 1864
1558 4971
690 9167
8421 5792
9851 7504
989 8664
5525 7457
2088 3367
3844 7422
7077 2063
3868 8496
9051 7293
6441 1415
2629 2528
7517 922
5023 4123
589 5814
1750 4043
1760 9253
9341 1372
8529 4262
9952 6091
6582 1446
277 1150
4095 9301
3771 1968
9155 983
4749 7428
1137 7715
3336 7684
9419 5565
6498 3024
9228 5595
5969 6372
8731 3992
3001 405
994 1939
9235 199
3304 384
5044 6124
6888 9612
4209 1085
9399 2821
6638 7918
6964 9545
8290 5481
2449 723
6415 5353
1934 5263
817 4726
889 6971
8616 6592
7397 4880
4741 5559
3957 4862
2298 7890
9203 2359
2376 6018
2323 8091
492 2393
3114 7361
6318 243
709 1959
8366 8624
3987 2358
7534 564
1292 1456
6383 6565
1573 6899
8853 2080
7107 3650
9799 5953
5226 9877
3027 2850
6989 5220
9688 9587
1156 876
8234 428
1391 3718
7473 4588
7043 1023
5881 5925
9383 5902
4431 9256
8037 6299
3079 4267
375 7424
4709 3205
8170 5371
6460 3413
9717 8323
9086 9616
8711 5134
6018 8166
8469 5100
7941 744
8620 1239
7642 235
4147 1711
8386 7884
8719 5918
8265 3840
3391 3781
950 3934
1852 1424
1859 1163
7561 4149
9527 4463
4385 2660
4977 4294
1807 1984
9372 5339
6261 1570
8803 3994
2795 3707
1553 1747
3405 4105
9906 1223
7893 3778
4121 2340
5354 4471
4940 3199
8918 2990
4371 137
6456 4092
5223 4757
5447 8563
2042 7121
318 9521
5496 1555
1999 1913
6131 2127
2650 7215
9000 368
6056 2682
593 2084
565 9640
6309 5373
6131 5258
87 6774
33 1550
1963 9883
5467 826
2721 4583
1400 4212
4753 4278
5899 8966
7943 9504
6263 4146
5140 1660
203 2953
3532 3155
5971 6907
5113 2736
127 5203
4024 1550
6542 3417
258 8700
4874 8026
3990 9836
6868 1847
9486 5134
9866 2784
394 121
1474 81
7652 9252
364 4009
1581 439
8188 3741
6548 4964
3831 6116
1674 7747
6748 4797
785 5072
5830 675
8380 4528
698 7809
900 1329
5634 4934
3938 7202
4531 7280
7521 8962
1532 1597
2918 1727
6881 5992
8494 2175
3409 2286
7033 6615
3102 8974
7128 2717
6041 7377
8090 8161
9112 2078
4583 9639
1807 2601
5677 3784
7057 6568
4509 1205
5154 4127
3466 1280
8597 416
3624 1658
5210 4331
7472 3105
30 3576
798 5452
4686 8599
7749 4510
2679 4447
2546 9337
3258 1515
3623 6521
2607 788
9929 9875
2327 6301
9655 1428
2050 9090
8022 5967
8537 2095
9942 2231
5802 6207
1761 1508
8849 3886
5907 5875
9988 9833
1955 3492
6410 9567
259 6015
7202 8066
3803 7149
1090 8863
7709 9470
8444 7004
1847 8832
6819 534
1933 9075
318 1300
3783 1100
1859 9628
7573 7059
6447 8981
6398 6712
1500 8618
1770 6872
6991 9680
5834 4929
917 4370
4591 2739
3511 2879
1811 166
2699 6055
9491 7072
9933 7687
4078 2925
3276 8620
9470 4647
3888 347
8777 9320
6187 2322
5887 2770
886 7488
5734 5228
676 417
4927 2088
3554 7428
6495 1702
5938 7404
9234 803
9465 7754
4762 32
7514 7862
7429 9624
6714 3052
8502 4436
8640 1394
1426 5977
7754 8573
7417 8274
188 5786
1471 7226
2102 4550
1156 2178
4795 9968
6650 931
8022 8542
1670 3946
8222 7969
3885 6197
8242 1155
1906 4232
3291 7688
4767 6128
2967 9913
9002 7424
7387 9576
6565 3787
7846 1015
9492 7304
8953 6658
9168 5358
6661 8130
3180 5010
6758 4440
387 1927
1281 6680
762 6351
9547 182
711 5713
955 8682
1571 7203
7092 1338
8934 3911
7854 7713
2631 6230
649 5228
8951 3959
7120 1534
8105 7524
5488 8726
5923 5228
2003 4567
2157 1544
3572 9012
2747 3599
2196 6234
9908 4767
7064 1553
5718 3890
837 8017
3806 3876
4677 6666
9684 5985
8831 5036
8015 746
6634 5676
4949 3018
1402 3215
6086 8747
4964 4879
8052 5928
2585 491
7151 8123
3056 8692
9882 1944
7478 7596
3690 610
8963 4229
7745 2707
2139 1500
3630 5407
4340 5429
343 9713
3759 5613
7654 9035
337 2627
206 4878
9571 7086
7222 4099
8541 2426
9800 8573
9215 8654
7047 5693
8706 347
4233 2561
3176 7225
9637 8941
127 9266
3941 960
1937 2961
8601 2084
9813 8748
2024 6012
5335 6561
763 5316
317 8243
3887 5378
4761 7688
1807 9051
142 3421
5324 9655
1473 7036
7329 7099
5745 9788
673 344
8537 1246
1850 8664
2850 2077
5396 9590
732 9567
2604 2295
8910 4408
1220 6402
7166 505
6094 3545
4952 5313
6377 3709
3687 7207
3880 9652
112 59
5235 6076
8421 6625
3889 4900
1838 3562
2687 7335
9203 9416
1389 176
7645 3942
3933 2911
5419 3339
7798 1587
1034 7458
5300 3749
5503 7463
9007 4868
1963 2698
7577 1539
6979 6489
9757 2130
306 6507
4635 4646
6258 104
9030 8061
3012 7792
1032 3331
8915 8613
2301 1184
2584 5735
7996 3103
2613 8429
2586 562
2459 3799
60 5864
4306 1084
3941 7999
1291 3428
4672 1617
2548 9212
5978 9035
9685 5937
9344 2028
2589 3902
8747 6116
8213 6106
5439 7854
3860 9782
4599 1422
6127 4748
7867 1247
3313 4089
5283 1143
5498 9870
4039 9636
8798 9053
2412 4465
373 8997
3597 6248
2510 5520
9261 7552
6685 6543
8164 3798
9946 6378
6075 1346
8921 3945
111 6584
1115 4692
4202 6041
3958 9178
7385 3996
4097 5649
9016 6345
6294 4202
4849 1023
7848 6994
2962 2924
2738 213
5361 6951
6306 8275
1698 6337
9699 4144
6268 8146
1162 1396
990 7109
1978 7425
8011 4360
1502 2244
3243 9395
8422 4259
4598 7500
2547 5649
9972 6745
3285 371
3885 3127
4711 2401
9090 8220
3081 5584
5576 1975
9089 9455
5329 8829
1048 6261
3867 5873
3851 5119
6576 3903
9332 5737
2914 3691
6508 1257
3787 3499
5527 3383
1623 660
8498 8310
2989 2122
4077 60
3378 6779
3156 9819
3810 2786
7544 1071
3934 2996
9835 5806
9666 9137
6272 40
3726 7334
7987 6724
1034 9307
9384 8299
5775 9776
678 8029
245 8155
3361 9079
6336 7977
6610 4711
5738 9996
6749 891
3080 4685
9544 837
8658 4855
6727 5246
7608 666
7955 6839
1524 7853
15 3275
6505 277
806 2192
5349 1673
4078 6240
6500 2544
5850 7232
2490 8259
4386 7766
6355 5434
7447 500
1901 5224
1889 6791
6484 7862
9558 9848
7941 4651
8927 946
496 6814
653 636
4590 6109
1264 5380
4294 7094
1051 4833
3940 9430
1220 578
4800 4019
4584 1249
9690 564
9013 6024
2887 5639
618 8570
2203 255
9918 3959
3514 401
330 1982
386 8937
9018 5390
1107 2756
3766 6111
516 3296
2509 2655
5704 676
4728 4704
2160 7455
4868 9903
3007 4694
9344 9818
8021 1244
8702 397
4670 1756
5855 5542
3730 953
5029 8372
8389 2714
7072 7019
4987 977
5863 2080
931 6280
9838 8338
4176 9200
1153 9737
1192 5602
4008 5113
715 8602
7654 7647
7220 2617
2020 1165
7803 87
2135 3163
3055 4177
2208 6919
2452 8378
4385 7872
4245 447
1289 6207
7262 7232
9446 1106
9184 6025
9312 8609
8174 9611
8359 8467
6341 2633
8198 5825
8453 2435
1252 8016
7595 9819
9765 159
1231 7159
225 2471
3000 1989
8475 1181
1850 9750
5259 33
4847 776
977 7729
8009 9490
4691 8421
1853 2099
1070 7559
199 6125
8656 9278
6135 43
7847 7342
3141 2052
7530 8111
5877 4210
8197 2860
8307 8259
9006 5677
2176 3827
1676 2922
7236 1383
3465 6455
1851 1801
6681 617
4893 6179
7431 8559
7748 3553
9034 5838
3232 2476
242 1654
7427 9100
9397 5931
3858 9119
4973 7399
3194 1566
8325 3242
8586 2126
4729 9669
5726 3774
6387 515
2457 582
8513 6415
9546 4319
9040 3692
2227 2282
7928 4973
7813 6646
8534 2031
5744 7237
6531 6008
6489 5460
6418 9523
8762 1135
1845 327
9470 4901
254 2532
1205 6509
9975 888
5205 595
1881 2803
9947 6618
3067 7337
2685 6279
9460 6817
3105 2055
1077 4511
422 3396
4866 1137
4836 8475
779 2237
1697 633
5935 2010
8877 8680
326 4687
5044 3895
466 9528
2990 9497
1173 2305
205 1797
2734 9667
4564 177
2486 5575
1157 854
7942 6372
4913 999
4791 1599
9096 9987
8810 248
2956 4027
8590 381
5249 8985
9733 4963
8199 5843
863 4919
2044 1985
1129 3047
6737 8693
466 8640
1699 2380
7225 121
5272 7463
5044 8947
38 2397
1972 3029
1510 755
9785 4374
6962 7007
4483 5616
3113 9440
4765 1371
8154 5172
2066 9365
1269 7143
208 2023
8477 6716
5576 8166
6991 9811
4565 525
3894 5356
2674 6215
9613 3473
1783 4434
5612 1951
6338 1427
6721 7884
422 684
7823 2869
59 4176
660 7158
27 4621
4664 5243
9052 2842
5276 8123
7579 6763
2425 8370
3351 8516
8019 578
8668 2165
7143 1997
1194 9055
5485 3546
9760 8834
2661 5365
99 628
5920 7899
1384 5103
9198 1074
8418 8005
5617 3990
4818 5618
6052 6558
7803 7181
8622 8546
8454 9454
9723 4313
6112 6512
4138 669
25 4725
8404 7909
7828 4290
4462 6820
8555 9655
5312 2484
138 8681
923 1528
7790 2343
95 6054
5547 4342
4535 717
8712 8082
1665 2296
1680 5623
6407 1125
6979 9538
3854 8215
6559 2409
7590 8942
8805 4713
3566 6462
3837 8978
9958 8872
7245 2674
6021 3712
9275 6987
7602 5403
8960 7841
3476 9996
6632 3293
3896 5227
5111 5165
896 5495
2424 1371
5939 1170
6858 4168
5762 6006
5691 153
2714 6024
7199 4571
741 3534
7039 7826
3984 8329
3707 643
8266 3514
4994 3860
3343 5762
9450 127
8473 7270
7949 7780
9886 2311
8701 5684
3365 378
6992 3391
4788 9651
9338 9102
8331 6604
572 5670
2207 2600
9177 9754
5473 2924
3585 498
1038 602
9740 8493
292 9904
4623 6060
2134 2924
1593 6838
1840 4347
5556 1023
1637 9968
557 3883
2853 4197
9436 5908
632 3488
6308 5492
3758 7522
738 9877
3634 2857
8176 8482
1941 4004
6848 3913
6430 590
9230 2104
8156 7381
6532 3549
4443 3751
4618 2141
964 9600
7394 6966
9949 5686
8526 7012
6296 9938
2057 704
2489 6448
8692 4456
7022 8916
3590 2595
8539 1165
8710 2782
6305 5667
3585 3783
910 3408
5355 7360
8898 5338
9692 9392
8018 9591
6516 980
6254 5525
2825 7967
1238 652
4832 2523
2538 4666
9337 7960
1613 311
1104 9249
5510 4250
9509 3123
3238 2627
3060 1510
4290 4256
2163 3854
3108 9072
2881 8345
6270 5100
731 5880
3703 4861
6322 8533
1046 6687
8204 2089
7185 373
2933 457
7018 8272
7980 356
5129 6196
3318 4861
4853 1599
844 275
3126 1531
74 7249
2597 4630
5888 2269
9458 6775
5886 5598
6683 4729
4104 3218
5809 8661
3119 2287
8769 5746
3624 7273
7382 7101
5910 4176
8407 7749
2392 2683
3225 2996
4578 5829
5795 69
9378 8635
5065 9321
3075 5479
4909 5623
9278 4325
5382 2810
2636 6359
4908 369
9646 492
2688 9797
6672 4422
6997 5337
3625 2084
4142 4022
6215 2492
130 2788
8419 1339
5619 7789
7391 6331
2894 8816
8333 8533
4676 5408
8488 7460
4048 4559
599 9353
3295 2205
1702 4156
1374 1545
9710 4939
7521 75
3432 1421
9343 1145
8738 8458
3752 9615
5404 1836
6397 5760
1720 5750
6949 6668
7914 5320
242 1673
9188 3426
9309 786
2570 8131
186 6525
5587 8456
4056 5922
6150 6616
9455 5420
4020 9924
1524 6861
1279 5271
5301 851
2120 2780
8419 4747
3065 6367
1735 6601
9079 7234
1181 1921
7868 7319
5777 8883
6945 6907
1389 1592
3307 3332
53 6492
3626 1339
3390 2386
9806 2293
3660 8358
1019 2286
5996 9466
6637 9402
7774 2147
8828 7264
9131 7733
1890 9745
3066 2101
1362 5639
8587 6425
3177 1588
9990 8600
9589 7113
8824 7976
2545 2773
3298 5311
6581 6577
5161 3274
9243 3539
6847 5756
8013 1171
8186 3888
1531 7357
6250 9693
2610 645
5925 6093
9368 755
6848 7647
1853 4749
1387 7110
1407 6642
8034 6745
3036 297
8634 2589
9206 724
3132 9543
7722 1887
2257 5319
9848 3680
1220 8506
4474 2861
1165 3304
7060 4896
2198 5829
3676 2212
509 6892
4164 4195
510 2739
3266 4518
6285 4365
9776 5594
5855 9630
9722 6110
6909 7062
3786 7429
7009 1335
4879 4931
4861 5082
8505 4040
6899 4369
6131 3964
8577 7992
7605 4121
298 2922
6105 7077
4011 2151
9407 8941
1783 3795
4630 4053
2496 4513
8136 1281
2512 681
6382 8499
6140 5742
2096 9138
8071 8420
2528 9945
4946 2441
7478 3807
3768 6442
2143 7283
1859 5919
9592 6498
9379 824
2881 4268
8783 4648
1576 259
8942 5622
8039 8723
9252 7128
5259 4046
6742 1060
657 9994
5523 6496
8512 8434
7996 1536
9241 9779
3544 2007
6455 8850
4698 3859
9628 2108
2201 7325
3303 216
2677 1359
1590 2505
6943 9662
3300 7717
651 1260
6366 381
8295 8699
7127 9174
4626 7281
3834 7449
5725 7540
3719 2078
7145 1800
3442 5083
6472 2686
8243 8610
2962 1806
1427 7425
7383 5415
5578 2089
5414 9730
8957 5381
9546 9003
1145 8995
1198 6537
4847 4945
78 7654
8218 3625
6503 4097
714 4635
6129 1978
7832 6451
9994 7521
5984 234
7234 5176
3875 5112
4031 3906
2156 5493
1867 9438
2741 8720
6220 7685
3126 283
9968 6575
1597 6742
6376 2573
6817 1676
5808 6320
9805 5554
7802 5069
7767 728
1494 4722
9871 9156
4443 2623
6204 9135
7835 4656
9677 6784
3372 3790
681 47
8197 3436
5082 2045
4171 1315
2423 7005
4304 4818
9842 3966
8096 6354
1738 2407
6367 9528
9601 3055
8652 9476
9044 6189
9625 8334
5052 3073
1033 5277
5197 967
2495 2175
4452 6990
5527 4229
2477 6102
2789 9407
6991 4407
9643 8753
735 3038
4049 1883
6980 234
3238 8848
9561 2779
7875 4863
5148 5139
6873 5824
2241 2838
3953 4995
7695 3507
4841 7843
136 3927
1312 1580
3158 4591
1595 1604
9542 7824
7486 1886
3804 4095
1914 6625
663 5504
4961 9239
705 116
9528 682
8079 3536
9181 6522
8548 6322
2914 1265
6242 7659
3757 1524
5569 5597
6587 7246
3679 267
1981 4426
8461 1486
86 9813
8362 840
1096 420
2057 4233
5038 4037
6352 5987
6732 2672
2730 9412
8220 3924
8431 4130
9338 9202
4751 9078
5378 2934
1961 7179
6447 3968
2892 585
5060 9528
1849 928
6905 5800
9589 779
7475 9213
6055 3116
4053 6097
6818 2921
1444 2908
860 2748
2357 2690
2762 1855
9990 3120
8962 2429
8569 7022
1380 9627
1649 2488
798 3937
226 1067
7458 4377
2301 2214
1068 4507
4320 1156
5985 8704
3547 6227
9569 8313
8945 4869
3987 73
3636 5348
6479 907
4830 4426
803 4402
6264 687
7622 8814
953 8603
89 2534
9081 9877
8186 8923
2843 8488
377 5449
4268 5209
1809 9670
9021 5142
9036 4388
9147 4576
5646 7474
1195 6197
1308 2952
1004 1122
7277 9495
1400 3851
1918 2861
1143 2698
1840 7009
356 9213
4117 1988
9681 3887
37 441
5523 9842
899 3023
7951 5337
8646 2305
9624 992
6032 8450
8996 6343
9189 1223
1951 3932
6448 1296
3164 5237
7806 1138
9970 7048
1092 4779
7418 2126
5656 8277
4025 1194
8037 3538
5327 6730
662 6236
1827 6533
9295 631
8420 5011
211 5028
5890 7972
3181 6956
4035 383
9493 9070
3067 726
1 2558
4063 4464
1776 7042
8751 517
5894 6921
5682 8906
8126 8794
278 6423
2390 1983
2809 2095
285 8713
366 9230
3968 7760
9151 8656
9862 4125
6840 7188
8502 286
6085 6387
1782 6673
3047 499
3531 7891
4687 3975
9859 2552
1570 5761
3181 2572
1453 4331
8333 4282
2460 9570
7264 9346
3783 6536
3132 5778
769 652
9646 724
7648 6481
222 2742
8144 3871
3931 1349
152 8544
9008 8798
7784 5520
4204 6474
8101 2685
6056 4227
4748 1376
5394 2849
9989 2440
2083 1784
6017 5153
5715 2899
4206 3720
8511 6955
135 8054
5900 741
7605 7010
8594 2331
7581 5
9623 3960
7420 3466
7996 9634
4226 413
2541 3715
2802 2013
3284 2036
7204 6602
7758 3102
9956 6419
6002 5656
7029 9869
8914 6314
6312 849
6493 9731
5590 6413
1244 8639
8619 4423
6590 3897
7253 4344
6209 972
6272 1352
4725 1176
8979 8231
6255 4528
1032 1112
629 6595
3201 8486
9659 6629
4270 551
3215 3362
3807 8906
5568 1115
9019 4340
6566 5126
6141 7463
2731 825
6330 2503
5294 1073
2652 5530
5815 9624
8245 241
2708 4689
6699 6890
5886 8338
2122 8842
9457 5620
870 2335
2333 7598
7345 1826
3094 2117
1563 912
288 1398
6968 1828
9528 7695
7454 6893
1368 2460
3477 1625
3753 6469
7459 9877
6127 2897
4067 9917
6071 2024
6691 6460
5554 7935
9141 4521
1850 9165
7510 7422
26 8530
4152 5119
2991 4607
2208 6266
68 5429
4573 2972
2858 4508
8006 2357
3380 7219
3091 8241
5228 793
187 8982
3593 1169
1023 6707
3864 422
6645 1024
4010 4851
323 6099
1030 7273
8905 640
4463 9628
812 8348
6475 9739
9035 9145
2745 2549
4247 214
5585 5742
6424 3331
8487 807
9412 9723
2571 6230
7551 8552
41 2602
6126 6542
8235 300
941 2444
7837 9205
2849 8620
6612 1775
5470 5197
2791 8406
3563 6648
5898 5123
7093 564
4738 1172
6152 9480
9304 5080
1201 9933
4897 3234
9460 33
783 1656
3300 9855
2414 3653
6735 4308
9393 2230
7399 5902
4995 8727
5985 7266
3427 415
4857 10
4909 7727
1741 4489
2766 1890
9713 2289
1653 3974
4452 250
5778 6369
9908 9050
8413 1752
6952 6680
6054 6526
1531 5583
1325 1156
7604 2346
3015 4725
4852 9230
5479 6475
5719 5470
4806 9510
7609 2037
6499 9212
3738 1692
2005 6208
6171 5317
6845 1778
8750 3945
1783 9395
9404 7458
5826 2514
4532 7814
9680 3334
9933 4192
367 4000
9042 1730
9045 2446
7000 2500
7649 9623
7043 2989
6890 1252
610 8533
7093 6980
6400 8995
1382 7296
2937 7128
3415 7232
2471 118
2063 1842
8940 1543
4722 8383
1368 4334
926 1665
8475 3745
8782 4884
3202 2703
9377 3790
7810 9384
934 2823
5379 7535
698 1404
3368 894
6944 5448
2736 8828
1579 9051
8573 4423
9693 1126
9780 6477
1095 6221
51 2510
2557 9850
1394 766
7795 2948
1363 896
9023 3591
921 8203
8997 1209
4412 8439
3930 2988
5865 2584
1177 7380
3978 704
3887 7828
2248 9346
9063 4851
9507 7871
1213 1647
5395 5165
4097 4283
8817 9847
2741 3170
8577 1968
1727 6586
276 123
7924 4276
95 9580
3924 6934
22 5840
2081 3273
4862 9692
8589 6295
1934 1730
5903 5313
1131 162
9539 5401
5279 3166
1134 8566
5734 5517
2517 6292
6931 9313
6582 2259
4746 8513
2455 9957
7159 8299
9147 7929
176 2583
7505 2344
4291 285
4671 5521
5080 1033
3646 6964
1945 443
4359 1731
2688 8664
6501 2410
6400 6804
2587 9880
7435 3281
810 4465
376 896
9874 8132
2131 6716
3866 6556
587 6547
9437 6047
9199 8543
5716 4219
100 2226
2591 166
1644 6849
8142 8474
6319 1980
9919 5822
5046 9004
5150 8529
5601 4991
849 9516
8470 7743
58 3786
6203 9308
148 252
2313 8589
5154 2817
7548 7695
2107 2340
4842 7406
796 3806
4384 9396
1392 6819
4242 5070
7801 6903
7286 5571
8966 3795
3079 8330
2053 2759
2762 9771
3484 1435
6478 6566
6156 3169
7319 7701
1715 8768
8226 705
8488 2641
8950 6560
1232 729
1982 2782
8984 9492
1852 82
2717 9533
1133 754
7157 2309
3825 5617
7588 5900
7100 4635
4310 579
9873 7288
7970 9906
5858 5806
3120 735
276 7715
5967 1571
6077 9893
8252 4966
4044 9772
3106 7827
6296 9135
9564 3702
5384 2835
3041 7505
4968 8928
2264 7300
3092 744
4476 9566
9757 8332
1384 4984
3697 5275
6495 2935
1341 214
911 5183
3367 8141
1083 1775
4187 1459
4893 6620
8895 2732
144 2721
4894 4707
9227 3606
9154 7367
2561 6228
5822 5153
7366 3709
8003 1911
2066 4359
5024 7371
78 3742
7820 5236
825 5927
2645 4442
2585 6651
1183 4256
1575 5990
6580 5993
9254 7901
5298 5197
1078 5595
934 2579
2939 1889
1355 1297
92 2666
4878 1638
2909 391
8249 6657
6134 4523
9478 6680
8239 9179
468 4962
6014 1299
9541 8219
1899 9043
6688 9146
2445 6654
5919 1785
3496 9128
8056 3647
7341 1131
3110 1542
8952 6217
4273 3014
2387 32
3043 4464
623 4567
3970 7617
532 5011
3019 9914
865 2865
8639 6042
3382 5583
6347 6483
4633 936
414 1664
2346 7059
450 6865
8916 6317
9143 4534
1461 1008
9404 7845
1791 1155
3429 8889
3639 9873
8871 1942
7607 4254
2928 5160
8965 620
1807 3541
9070 1786
439 7261
7253 1469
3546 4996
5528 3447
7536 4917
5236 7838
1987 861
5636 3514
5335 1863
7359 4374
947 864
4813 2270
7956 9193
4701 458
8072 2184
9461 2374
7302 7815
2011 5618
7512 7535
8703 1930
1017 2626
8344 2974
2648 2959
3834 6384
2642 3298
9002 7799
4657 9337
234 338
1611 7164
7843 5181
2979 518
4784 1014
710 9086
2566 9903
3175 115
3525 2327
2861 4880
213 3207
2089 4048
3779 7497
5886 4651
7222 9092
310 5108
2077 1398
7654 8055
7067 5312
4677 1939
3387 1429
8757 808
5534 3668
4352 8523
2613 7463
686 1903
2309 4134
8911 7133
8883 712
3683 9080
7129 6673
8572 9021
6734 4915
4416 6218
5412 3555
960 3227
4369 1738
7910 5962
6835 5171
8913 7755
8440 202
6742 8800
8325 5287
3160 1124
926 172
9658 4124
4866 2801
2650 5036
3629 8135
5963 3012
2452 5288
5465 7437
7544 4474
7714 4091
4326 736
3847 6324
2248 2609
7964 2954
2793 5531
4496 3877
4772 9074
6009 1558
1008 6280
2787 8431
1579 5421
9877 2047
5802 6825
481 2713
6434 906
7151 6892
3439 5699
665 6104
3560 253
9088 1985
7142 675
1637 821
3597 8620
4722 139
3800 1104
7746 1396
7966 4909
8852 1428
9334 9386
1936 4999
4138 432
8429 8686
6915 9236
6985 9469
8343 3685
8154 6156
7872 4793
912 5094
9743 1255
1476 6109
7036 9040
5204 318
9089 8289
8544 792
1422 1112
2134 8976
8061 5464
458 3838
4297 2233
4331 7576
8630 11
1747 6020
3412 198
2091 1215
8407 4179
7419 9191
4678 2470
6809 7982
7486 9838
4471 2385
6707 2492
7670 1070
2679 1033
2964 3613
9908 6160
9073 364
4912 6537
3785 6769
1668 9671
2592 675
502 6957
7204 6034
1694 7452
6712 5514
533 1149
4243 7801
6090 1568
217 8348
5873 2432
2580 8599
4560 131
94 7369
9229 9860
7409 2494
7663 6025
9893 416
5882 327
3197 1018
8033 1638
5862 593
9112 9877
5941 2239
3249 3309
306 1732
8773 890
8279 3640
7587 3380
7560 5076
1611 9920
4813 2179
5680 6607
5448 1868
7992 9273
8322 145
8109 2476
1333 7068
7025 3865
3372 174
1350 886
4933 2392
1374 3258
9254 4016
9148 575
6403 9160
9496 7459
2998 9888
7988 8701
5773 2229
7806 8574
8274 70
3245 1298
4747 2050
1646 7297
508 7378
6971 9971
1223 3166
1209 218
3665 4752
9378 364
1863 3628
3574 3133
603 8797
501 924
9530 1769
6390 9523
8952 454
6545 7412
820 7973
8452 2525
8085 4049
7872 1983
2111 7521
9585 3902
137 4409
3697 8271
1247 2059
1860 6051
3624 6123
6117 4495
4461 269
8732 4993
9463 5622
8615 8788
742 8357
2394 3431
6586 6548
6944 4602
1710 3314
7602 4660
2460 1204
9581 4561
2738 4657
1542 5409
1845 7515
375 513
7108 8025
5503 7296
8699 2245
9309 3718
687 3224
8163 9827
1539 7324
225 9147
6576 7720
5311 7610
3785 7920
5733 1444
5996 7245
7831 8840
8692 6394
8238 3255
9842 5955
7192 4842
5151 9669
4992 3516
7249 8079
3716 6240
5191 4114
6033 1264
7953 3703
4089 1492
412 4526
3530 769
8935 3094
3880 7958
7032 4785
1468 5343
8811 2793
4040 5379
1823 3395
2645 2270
1881 4978
2984 8040
3173 9973
8752 9135
6234 4882
3207 6881
9404 6103
3295 1204
7713 7792
2778 9035
1970 48
7682 2911
1307 9934
7313 4914
2019 4103
613 9868
6957 4561
2149 7540
5858 4968
7187 5873
5170 6113
8924 6606
7869 981
2894 3846
8232 7467
5483 7166
4690 5737
659 5558
4230 2933
6909 7644
9143 4062
6754 3743
2858 5191
1798 7824
8024 1194
6181 288
597 5038
8241 2208
1866 7999
618 3676
9159 8678
1565 4091
5810 3330
1167 6629
5133 311
2322 9499
1184 159
237 6997
2037 1447
2766 5345
7398 2911
851 9394
5694 118
4259 5927
5078 5208
9833 3409
2751 6554
2107 3732
6767 7009
6069 1562
2575 9553
2207 745
2947 1362
2625 4016
8629 2249
4042 3231
2904 1703
8115 7634
6019 4618
1425 6551
6418 8443
7382 5829
9393 6541
8821 1756
7459 1982
7159 3957
4734 1499
9548 9806
2767 4327
3673 1916
4812 1559
5913 3043
834 2112
4950 3408
1569 8184
7376 8334
1931 5717
2547 3932
4412 7583
5749 1646
9220 8094
4403 704
8524 1290
6536 7903
2948 3825
3371 6686
4590 871
7729 5753
2622 1559
9968 8771
9332 4395
3087 1134
8338 6838
7384 3022
7595 9499
7280 8845
7088 8584
8293 5837
6444 1526
2113 232
7975 2437
1745 916
946 1779
9332 808
884 3949
6734 8743
8103 4345
876 9774
3665 8867
3582 7699
4052 8668
3927 2774
4825 8703
80 148
4711 3267
1109 2805
3608 3365
6874 4627
3225 697
9061 3429
2685 1084
3976 6847
4846 7372
8350 8175
456 4757
2473 2321
2361 913
9366 3307
8261 3393
2253 3992
7191 4526
9976 5927
6719 8092
4729 5522
7392 9935
9601 9568
3885 3719
81 2349
9529 2046
6295 9532
4144 6347
1921 8044
9820 7555
7100 5236
292 1064
485 927
2242 1976
1513 9274
2590 311
3359 9017
4933 3311
6382 1774
9216 172
2336 6850
8306 9681
8998 3519
6154 3406
3690 3586
438 4265
2238 7035
9075 5231
6526 5172
8323 7403
9259 1177
2195 2144
8987 8006
7053 3316
9776 6446
5629 4211
213 128
2247 3996
2775 2100
6030 8312
5193 9768
2069 6949
1272 2696
1814 2494
9863 5641
897 943
3913 2504
1850 4628
1280 7968
8201 1714
9529 3067
9938 9135
638 1091
4055 9333
9973 8441
2176 624
6077 8944
1314 7560
6446 3061
97 1615
7229 3607
3567 5205
1905 32
6938 4143
4467 1001
5080 5687
5451 7666
5630 344
4513 7505
1710 4680
6674 6674
4955 3427
3068 9091
274 5010
448 151
5948 3434
4544 433
7575 3755
3114 9343
9132 9509
6881 7774
784 608
2089 1008
3921 1909
9434 3642
5483 3076
3321 8009
7908 613
2526 4612
353 8645
2938 1801
5591 3667
974 2510
1580 6600
5198 3395
3793 6365
6362 0
1461 7479
6954 2029
3672 7739
7374 4990
2127 441
6186 2077
9849 2351
2038 5995
1785 652
9372 3185
2423 3874
9738 1864
1584 7596
9876 6323
878 4674
8683 4212
153 9497
7550 7466
1741 5345
189 4035
2192 9869
4943 3819
1672 7005
7829 6307
4753 9740
9479 9391
5392 8696
9065 8004
2506 2456
5132 5403
9315 2922
7940 3576
1528 9371
4128 1093
3904 6636
3454 2594
1426 8956
8456 5669
8987 49
1556 9369
3515 7994
6698 1688
177 4532
5748 4457
1957 4983
6263 8599
4444 9070
1304 259
4237 9243
5662 1003
9583 4932
7522 6652
8052 8165
3389 3651
4209 5874
6708 6369
4240 6216
6896 1558
8456 1838
5521 7434
288 4151
3953 8974
8387 4350
3148 2570
5449 1839
9730 2913
2967 839
4790 3321
11 1970
338 952
1483 4537
148 4747
104 1860
2583 1988
8481 3286
6802 7602
2831 5671
1288 4282
6885 8741
8475 4387
1388 2999
321 6774
8003 5655
7436 9090
5449 6536
6946 8989
7454 5392
1496 4922
3325 9373
4239 3407
4416 5147
8042 1947
186 8499
9891 5934
2601 537
9920 5309
4809 1815
5298 8738
5433 7222
3922 9760
9229 7232
6530 8214
7873 5992
7238 2746
5625 7041
9045 5009
2090 8639
3384 7716
1802 1800
8776 5538
9712 595
4839 9807
637 1599
5488 1920
666 4348
951 2385
7425 2406
1764 3735
7510 3729
2443 9687
5900 2520
7259 6969
92 2628
5614 6827
4310 9377
5944 6903
4750 3781
6337 6696
1773 8564
1 4962
2033 7444
3907 3240
4208 9928
7714 2472
6505 4528
3406 5017
5116 2824
5118 4676
7204 2098
1778 5075
7352 7491
7316 9080
8382 2374
1045 5603
3984 9069
67 8820
1817 9869
1177 9099
1714 2692
3635 2123
7838 6484
422 69
4357 6155
8250 5839
4485 7006
3200 2812
1190 7631
4162 8263
1505 5284
3433 4929
9131 3666
6852 3407
9041 8828
6457 6452
7779 6700
5782 1988
172 1042
1769 9462
6980 863
5405 5764
995 2997
6302 3636
1924 4320
6753 8699
9762 6919
7145 9693
6471 9561
7395 753
4001 3345
5726 5543
1076 6299
6915 3961
1295 3730
5803 9823
7809 9173
2830 8797
3669 4006
6531 5518
8519 7750
8670 4962
162 2294
6128 1776
8750 9484
4645 8243
8899 8676
3216 2803
188 1901
9718 4981
1900 1374
4167 1736
79 146
8496 3975
8284 3451
9439 2533
7917 1954
8102 101
4346 6075
8618 7951
2159 9506
604 7844
7324 4542
1498 7928
9338 6064
6994 5916
2657 9949
5011 1581
8241 4482
2983 7296
621 4672
5078 1962
6838 346
9115 3150
9906 3602
975 9655
5320 1009
5967 4512
2097 1081
6955 986
3416 948
2844 6088
4001 3967
4099 3684
8702 2459
8610 5444
8296 1496
9808 1896
1957 2697
6796 889
3653 2970
2902 8600
9688 3408
9581 1073
98 4813
3753 2462
6961 6763
5488 6489
732 8551
6714 5131
3253 7281
4863 6823
5750 5367
5733 1096
4212 9402
817 7406
140 9368
8475 81
8829 7133
7113 1082
5471 7913
8781 8887
2048 9943
6637 718
3592 9987
2795 7237
1671 5927
940 4763
121 1638
9319 2512
4167 1574
6070 1494
1171 9893
7315 6721
5639 3880
6209 858
3629 7076
9220 6190
624 4457
7559 8637
7613 8158
1597 7301
631 3493
6561 1519
6465 4664
7906 7785
6287 2102
9385 7515
9065 3373
9076 2554
3570 8625
5453 2489
2311 7362
3811 6752
6561 2195
6139 6751
6352 1624
2750 9437
3349 644
4264 2362
3992 2840
9241 4373
271 109
5060 1532
1136 1041
7210 8083
8124 6263
8166 3213
7527 4936
4370 1030
9350 4007
4659 3493
4168 4542
894 6158
6051 8113
9710 8408
5673 803
1347 4826
1755 2714
8471 6043
8075 658
3871 70
6760 7887
6624 656
4611 5037
9894 9976
6296 7092
2456 1692
7934 9318
4118 9594
3487 8191
4774 4944
8913 9356
5850 2973
5097 2011
5408 7295
6077 2647
9618 1440
8847 9434
6272 8301
2605 2581
4528 185
8081 2018
8117 919
5560 3018
2061 6218
3034 283
2666 3323
6654 1241
3780 3402
3892 3594
786 6746
2291 460
7519 5182
2013 3924
726 7784
8223 8164
3121 3364
270 402
6283 2656
752 7419
486 9952
7483 5499
2520 2910
8528 300
1586 7742
4173 5523
5423 3900
4518 8114
5647 5097
4527 8423
9565 1449
4077 5960
3996 6591
3843 7705
8208 5186
4818 4306
7933 7006
9793 3020
3355 1638
2443 380
9539 2328
5539 5590
775 2118
1449 4522
284 9500
3746 4220
7115 8485
6949 9937
1180 948
137 9599
4913 2864
787 1227
278 8018
3552 9643
7030 1557
7995 9506
5598 6563
2927 928
725 2108
7051 3644
7599 5709
852 8335
2566 4407
612 3048
6586 3707
5939 5712
2301 61
674 1875
8998 3186
9702 9305
8654 3897
4284 8683
8646 7434
5544 1509
1931 8929
1664 2777
709 6254
7672 286
9770 5349
9010 1908
6719 964
2446 3506
8981 5503
7233 9843
2739 9225
8257 8829
6453 5862
4443 7134
1901 32
1115 4955
9699 6346
6083 1937
7484 5812
2966 469
7603 2338
3044 2629
7002 619
3953 3391
9085 7129
4348 4595
91 162
143 5771
129 8559
4084 2398
4179 7214
447 7501
6371 300
1470 9431
185 563
7355 3792
5950 6660
3476 8677
1991 9860
2552 4156
7149 3267
7919 5957
8319 5609
521 3276
5515 6114
5121 8656
5327 8286
3628 5692
4097 7661
3350 1084
2370 4965
4211 4173
8206 8670
973 8679
6597 4228
4025 9362
8019 737
516 3336
3677 473
9582 6902
8188 7462
7577 9255
3560 2328
8020 3934
9906 6504
7100 9016
4505 6170
9 6612
8713 7018
802 0
4680 9462
474 9668
2593 5546
2569 2885
5393 2063
4335 336
7912 8507
8310 144
7841 6275
5506 9152
7754 3164
2418 6993
3817 9918
2175 3316
3217 996
6680 5467
9209 6968
9019 4498
6548 6
6072 510
6511 2719
7585 2535
2743 6739
3528 7574
1089 99
626 5700
3196 5995
9260 2337
5956 8845
2103 8857
903 1645
3292 130
1341 9540
7159 65
4354 9048
8725 7358
5941 5986
5032 154
7733 8717
9155 8910
5644 8296
214 5322
6214 3513
7406 6845
3028 4930
4643 8516
1507 7263
143 4317
2723 26
9447 4529
8696 4783
9426 7989
285 5546
5437 832
8877 2449
3165 837
341 5847
8845 2497
3314 1016
7220 8734
9950 2051
4058 343
4758 9697
2847 6000
6601 6029
1756 2483
9851 1443
5086 9254
7691 5230
9998 4340
3383 432
7024 8791
9438 4929
9975 9967
9390 7143
5298 7819
1458 491
1486 1521
7836 3922
214 1320
9936 6028
768 7487
5498 1747
9714 6534
8082 629
6307 6618
3114 9814
4011 267
9949 4973
9034 8426
5196 2185
6522 4301
5805 5223
9788 4994
1963 6731
5323 4862
1018 1314
4740 3552
6988 7549
5604 9440
6012 1716
4719 1116
7742 2925
9195 6849
1111 8765
4887 3865
2351 400
265 8191
6462 3220
4648 1602
3294 2782
5330 1837
3356 4244
9620 9828
8436 3775
145 7580
6518 1464
298 994
1226 8814
5034 4469
3761 345
3588 6592
7731 8177
4826 1267
9244 9659
4622 4395
9724 3170
7005 7306
9763 5216
5764 7646
9574 9663
5655 7918
8537 2254
7095 8229
6555 8439
5196 889
8751 7215
5144 9039
2818 6183
2219 5783
9216 9771
366 5383
3888 3945
5183 9228
3744 5172
8372 8894
7905 4737
2007 3306
3070 5772
5337 3644
4806 5751
1972 9353
8240 6372
5952 9173
5762 219
7395 5781
636 5288
8841 9124
9552 9868
6545 9947
1747 8385
137 9281
2971 6671
6750 3158
840 6034
2133 9349
6760 5307
9107 4186
1923 3554
8881 7168
6742 9412
2176 101
7431 9720
4095 7311
3890 281
8009 1014
1240 5879
6296 1939
6580 983
3384 3615
7110 7750
9461 595
143 6749
984 2885
8731 9802
2565 9582
3221 1829
2567 6952
8388 8200
2872 9046
2158 5850
5537 6485
1901 7654
1908 5878
6154 6032
4494 5498
8515 4900
3453 753
6325 9727
7726 1582
5781 6121
9477 9199
4854 981
430 7847
2830 4135
44 5355
1834 4791
1239 568
2835 2686
2364 433
6853 8259
1650 3168
9591 4475
6507 4546
4285 1756
4104 2119
8644 6114
1655 5589
3615 1649
6612 829
8161 4402
1362 5102
227 367
500 4728
8842 9798
5938 559
9993 5057
2585 9231
9263 3142
7412 5873
9524 7066
9438 3167
9409 2155
7756 2282
1846 3567
1229 7339
3893 5387
5203 9531
2763 3882
2134 3511
2407 5118
3779 10
5571 9354
9107 968
4699 1969
5915 8943
3606 9365
7548 6409
5260 8512
8587 6838
9493 3970
9191 4733
3083 2535
8505 7424
6238 8491
2165 9116
6886 4526
29 4838
1933 7100
7892 3760
7572 8669
2326 3471
9629 561
2326 2493
2574 7373
6520 2707
1532 7518
1650 2069
8469 6618
3536 9866
9125 9627
7835 4082
7226 3632
266 8871
2025 8566
5096 3181
6979 7570
148 4030
1408 9092
2562 3410
4118 6406
8816 6427
7663 5401
7834 767
2200 4376
6870 1780
3910 5649
1600 9448
2756 2865
1824 5219
179 1642
9272 7189
6159 8594
1498 4584
7251 1034
7543 9432
3520 4576
3419 9423
108 9673
9379 9464
2002 5625
4922 310
3067 9768
1887 6458
4431 2348
7218 6104
8364 7756
3279 3770
925 2470
2277 912
7403 8771
3584 5636
1616 2742
8149 1676
6027 4343
9265 5326
3894 7086
8744 8521
3214 8957
1044 8985
1295 7034
1463 79
9033 8165
6664 688
6084 5103
9613 6541
8452 1779
8290 5037
1632 4479
8181 4877
5591 8328
5765 9880
5631 8626
3880 4232
2887 5574
6533 2138
9833 9426
4906 6653
5642 787
6993 6580
9310 2487
8955 3830
5384 4330
9122 1274
4749 7919
3955 2128
6146 5211
5719 5152
5471 1204
674 7377
2422 5719
5110 5868
3836 1794
2010 6377
8368 1163
3238 4016
9303 7779
7325 7998
3081 9317
6433 3243
8027 8368
6446 7825
1685 5319
4349 1331
5236 8360
5485 423
7104 6501
9576 5417
5560 5482
5116 2927
1141 1941
912 1874
1661 3010
7262 5970
8821 9762
6890 7567
5914 1871
9837 7416
8434 3125
9120 9356
1565 555
6380 4094
6781 7881
6928 5834
6224 5095
4946 5271
2966 6364
6534 4919
3641 2759
3754 4935
8729 5023
8424 2824
1455 590
5280 7406
5568 3856
6202 3392
6437 6201
6346 9384
2095 3131
618 498
2348 6582
584 7461
1627 3587
678 1639
6914 7089
7135 9789
1282 6823
7602 3779
1782 2121
5194 8441
3412 862
9754 1454
3785 8696
845 5076
4173 2472
6662 5715
4646 2333
1403 8325
1363 8201
7255 4621
2607 7942
3317 6539
6716 1066
5527 8211
624 1790
6628 5878
2448 8977
5070 4677
6955 5699
3924 1146
8831 8404
9790 7868
1615 5521
77 2674
5356 1052
7181 8909
1984 8956
867 5838
714 7019
2617 687
4469 1478
9106 1565
994 9376
9566 9411
1407 4431
5104 9714
6325 8690
9988 6639
9410 7692
9969 8409
9861 4021
2770 7597
2606 38
5452 1018
7915 9045
7564 569
5088 5105
4335 8918
4792 8803
1562 3152
2823 5279
5654 3809
4639 630
6721 9188
1098 4578
1889 2107
1488 1480
1136 6755
2133 9205
3899 6161
8961 6059
5676 578
2407 3715
3551 4408
8302 1876
2009 5793
1137 7711
1611 9118
3135 4879
458 1517
6034 1389
4257 1250
5256 5405
9552 2602
5443 1182
7012 3904
7527 7383
4607 3448
9797 3172
6507 8245
5406 770
1334 7378
9135 8033
1892 6389
6747 8427
5138 8356
3481 9279
9178 4079
1129 1712
7869 2699
2223 2509
2158 8161
9038 1692
7819 5327
1619 8619
312 1273
2428 3986
8354 9295
9720 3750
7240 9689
6713 1458
6199 247
7822 8004
4115 4192
8054 573
1493 8767
4756 483
7935 2297
4743 4185
9581 3984
2378 16
3121 1956
7636 6258
8140 7416
3933 4929
7264 7790
6549 9292
256 4016
9429 7981
9390 4280
2295 2982
8681 3553
129 2119
4090 9575
3901 9540
8702 754
8504 206
4197 5032
6323 4727
9486 284
2076 8737
7581 1582
9645 5773
3555 920
7294 3255
3465 6782
4818 7035
8469 2526
9685 2814
1226 2334
4624 3533
7248 6627
102 1472
5125 2179
7028 1307
8974 7670
5949 6840
5654 8760
3736 2470
6713 4713
8110 8722
3667 3095
9795 1582
4562 836
7047 6573
68 2037
6069 6573
4930 3512
7366 1755
2511 4741
9495 1439
6953 8316
2667 4505
7602 29
5028 1237
9942 4591
9860 3756
2521 8378
7812 6579
3839 6560
7004 6128
9397 5636
603 9820
2942 4777
1468 471
1593 2214
8536 5715
1306 9405
2759 966
747 3230
959 7034
6519 6479
5779 5455
3605 6792
2506 186
3366 9799
7890 659
8321 6615
1390 6828
7995 3571
5668 7711
9601 5165
6267 8806
6745 4079
4039 7561
3273 3669
1937 5225
7843 7346
6889 5050
319 6713
4026 6353
9444 2083
4472 2735
9914 2780
9059 6601
5782 98
4114 1977
3627 2243
174 9459
1709 8461
2848 6095
3802 3369
7490 6118
2422 5996
1528 2794
3683 2796
1318 2932
6416 8945
4991 3084
1902 4640
7402 7592
2695 8373
6036 6142
8076 3143
4840 5470
6718 1514
4906 6356
7341 3150
9679 1229
5410 1929
2348 7653
90 6393
9836 8860
1852 6049
7303 6643
3838 7356
3691 2469
17 2300
4493 7086
6516 706
7769 3535
525 6457
1873 3865
4286 5622
1073 8244
2811 3509
419 7059
2193 2820
9978 148
6015 3472
7406 4229
3480 2831
4766 4232
9856 4695
9038 9481
706 4698
1340 9820
3433 4307
1457 6303
2326 7803
4861 5130
9125 5407
9341 832
2768 4757
7203 4689
935 8753
7495 353
6694 422
4698 9505
3778 270
9445 3022
867 872
4379 5381
1887 5592
899 2512
6522 9971
670 4945
2569 542
8013 618
6457 9984
562 718
6668 2741
1873 5364
8376 1007
1941 8264
6195 7716
7911 6307
8930 9547
3057 9957
709 8991
4245 1897
4913 7637
7556 4171
3244 7610
8511 1524
9047 5689
2881 9523
707 9406
7046 4076
6887 7987
8876 6416
5328 6746
4385 1149
9331 9246
8931 5252
1452 1181
9979 8078
5960 9972
4441 9060
1011 6029
262 8598
6391 375
4276 2736
2944 6656
846 9450
1236 591
424 4928
4474 886
2318 4260
3855 3151
5178 2781
43 8133
319 3757
3460 9811
6499 2744
8849 7572
7936 9393
282 9011
8559 1773
2951 5173
8394 1525
9785 849
7684 4286
3094 1669
5584 9921
6843 8245
1730 7726
9630 1298
8555 585
7508 1675
4386 1158
2421 90
3229 3238
2588 5355
2472 2780
8921 1509
4212 8377
3498 5201
1920 1684
3059 1995
9335 679
2114 3486
7154 1044
4402 161
2004 6493
9995 4257
3522 4784
9552 6085
1714 758
2903 7855
2651 6504
9475 3935
1545 8263
9445 5480
858 6939
5406 7670
6181 2524
6937 8457
9672 8824
8761 5314
7448 7785
7534 3316
903 7367
2155 3185
8107 9172
9780 3868
6481 3035
1637 5018
6507 2424
299 9635
700 5815
8432 9794
8970 4808
1297 9400
5331 2541
8057 146
3492 7678
8558 7710
654 3822
5890 2613
4471 9058
3977 1342
7148 9759
4970 4454
2093 2532
2049 6588
1314 8297
8964 1624
4700 3137
4876 2319
436 7795
8317 9555
8827 8808
4300 922
4330 4410
2590 5890
1093 2531
9130 3550
6548 3847
8686 793
1495 8468
6652 8494
4512 1837
7378 5417
5129 1957
1120 5956
7097 1516
820 4234
8287 5382
5745 9402
8700 426
3077 3483
9442 5527
730 7351
4928 3423
3630 8860
8619 7489
1421 8840
2720 4648
9448 6361
438 272
9040 1400
3441 633
1020 4143
2701 6551
7479 6836
5396 1836
9989 3590
2598 9063
7685 9216
2317 3895
9835 4869
6355 3734
2228 4404
3443 3987
9729 4345
8318 3884
3645 6953
8695 4946
1742 1382
2936 7041
8471 1689
5528 8894
736 6357
8057 4466
6123 2755
6558 714
9755 8165
5735 2497
7709 2295
3960 1933
6812 983
1243 6337
1881 969
2014 9279
5693 9033
706 6052
8787 1636
4532 7196
4022 2728
2215 7700
2707 2482
5541 4624
7800 4193
6627 5773
6902 7289
7004 2050
1132 1830
6909 9883
4372 6115
7370 5256
6127 1398
3813 6553
1008 7868
5834 595
958 80
7694 2490
1796 7050
9597 1052
8329 2205
305 4835
1676 9814
5445 3938
8655 3879
2457 7532
5838 7085
4335 4280
5425 9161
3324 5630
7451 4144
1215 4520
2106 8885
6542 5397
4103 8021
3957 2842
3605 7716
656 7213
1739 3513
1595 8579
6744 3252
1418 1340
4947 425
8529 7323
1452 2740
2046 9805
5105 9777
9612 3741
7532 450
9657 1434
7083 9612
7949 1517
4922 1051
6052 1646
3598 7309
3928 7389
4538 8615
8456 4667
8006 3088
3503 6444
1543 3591
4714 7924
2702 6820
2080 8916
3563 9300
5692 474
157 5838
4007 8858
6404 9643
5418 9700
4925 5597
8236 4684
1344 536
397 5072
1680 1719
7978 9167
7187 2080
270 450
3110 832
7468 1879
5623 749
4959 3880
9136 7303
2703 2778
5134 9830
9263 8939
7490 2478
2125 2078
1351 7084
7495 6918
4090 8487
3397 9371
7116 1709
5979 4167
3248 8511
2974 7577
9001 4979
5992 7938
4884 1478
2499 8864
5775 3831
2127 1921
3261 6767
1664 6905
3310 1576
8617 6103
3565 6700
8438 9328
650 6278
6353 3552
3796 6658
8548 9875
5639 6878
9205 1175
6212 2816
9395 2798
5337 6127
1739 5774
9269 7881
9163 6690
2601 7725
9227 1858
9924 425
2488 8321
9757 4597
2829 5045
3393 9491
5511 5190
2417 4179
3315 7505
5040 2122
3384 6241
7019 8870
7149 624
3755 5427
3310 1821
2732 4415
8435 1484
2162 735
4975 2887
8768 2242
4729 687
2919 2894
2795 5239
6048 819
672 532
2791 6096
234 8
7579 7000
8940 7219
8048 6872
2580 5448
3695 8140
7099 2330
5123 895
3551 4295
1123 2334
5493 20
2204 25
2960 8908
1958 5442
5643 6524
6756 4403
3792 1287
2848 8665
181 7437
1989 7583
7935 6861
9600 8192
2428 1346
3299 5266
6806 6305
7334 2003
14 8768
5226 6365
2680 9642
9420 4218
3624 5067
4942 371
2700 206
7450 7257
8101 4616
2250 6146
6386 5867
3636 4274
4358 7494
4115 8181
6285 4297
9235 3502
1685 7746
644 3639
2095 1572
8414 9815
6151 5751
1349 709
1536 3506
7448 3081
6385 534
2951 7814
3723 9545
8512 8688
6099 4041
4957 8453
3661 14
3669 9095
1343 7761
6460 1024
3850 8384
5887 6816
6433 6344
9883 7231
1830 8160
491 749
5231 6755
9350 3504
4211 1421
9720 3310
7514 3799
8617 357
3954 3982
4422 477
5661 7278
9815 4105
904 3308
5720 300
6586 7814
1906 6675
9919 7497
1790 5183
3028 4361
5741 1225
6330 5945
9589 6033
3591 6836
33 2146
606 6577
3402 6640
5763 1671
7189 1557
3108 4668
7273 2185
5984 5648
2410 5537
4804 3922
640 4761
7240 6624
1247 5293
6277 1975
6881 829
2258 22
6608 7441
300 2740
3252 1942
517 6656
970 7883
1459 3683
9568 2658
4077 8768
2433 8382
2256 2724
8394 8613
8135 9901
348 7224
3984 9272
5578 7049
9144 5428
6312 1930
5340 9081
6298 9673
7398 4004
9362 8774
2372 1323
5633 7742
548 7620
6934 8042
8917 5505
6690 1891
8130 4013
2050 2274
7189 4557
444 7791
8900 9462
6041 9610
5503 6971
1535 3260
5825 6406
6645 9116
1961 6997
2555 7446
214 3747
2880 5169
6254 4355
1042 3122
6645 2789
5503 6231
7203 5717
6550 7320
9168 5768
2907 4229
3787 7694
1818 1189
9367 2594
472 2191
2554 9226
4358 7460
1740 9448
2747 3317
2658 3399
8628 45
8753 8441
6248 7714
9963 770
4921 5594
2889 5126
1282 6349
9185 4952
4001 6840
4980 4892
5558 5502
8512 7966
3343 4568
7977 5625
1136 121
3089 1605
173 9888
2408 139
5277 4417
4869 3235
2988 342
2394 4642
2400 9229
4782 6601
3158 4159
4755 3854
8100 2776
3261 5946
8086 6582
167 8801
9813 980
4352 4756
1769 2448
928 1153
8115 9057
8117 8531
6467 657
5862 7857
3251 7371
8081 3422
5136 8360
7862 2575
402 9839
5333 9337
8523 3595
4694 9783
2743 476
1562 7471
8695 1749
6243 3872
3475 3657
7920 224
4335 3008
8289 3858
273 8836
8954 9916
1495 7578
5266 3421
6659 2004
8484 1447
6039 4205
1333 7916
8070 3904
5765 2243
2018 7825
5170 1898
3151 4377
7033 7601
9788 5857
532 9317
437 5844
9243 3819
8456 5130
7266 1952
9879 4985
7994 7238
3401 6568
1115 3386
6335 9431
5119 4734
4127 6420
7831 8634
6689 8722
7526 3764
1161 8631
6523 2471
643 9192
6203 5266
8099 7581
8175 9128
3139 3198
4225 7918
2895 3758
8410 4992
6888 1386
8220 3670
5452 825
3493 2644
4722 8251
7503 1028
3461 2078
2248 9450
5650 3279
9753 8090
5572 8655
4302 6976
675 3674
846 692
4265 7159
2373 1434
6869 6579
128 2678
7423 8068
2463 6436
9542 2347
5652 8065
9297 5344
3656 1807
4236 9824
5623 2523
4714 9456
7030 3088
459 8821
8573 5579
5872 5981
7458 6975
3414 2037
7220 5941
925 1838
870 5920
5402 9342
659 8847
4245 4019
4569 2970
4425 9034
6456 1828
2962 459
3338 7892
783 1937
1522 5524
4258 9677
4304 8230
2175 5719
9727 9491
3733 7317
7359 8241
1556 4968
9964 1340
1717 1327
7470 2211
1217 6701
3699 1336
6837 3218
8836 8439
2687 5757
8944 5581
4374 8972
7915 2721
9203 7406
9857 3238
3427 4525
9155 9554
6185 6370
3508 337
8562 4954
7670 57
5513 6185
7372 2593
3888 9707
9185 3479
3848 1307
3111 6393
9706 8816
6285 1310
3863 60
7391 1378
211 3920
2904 5943
1131 425
1217 3993
1285 7880
8795 6875
5058 3298
8237 6378
5094 3283
8291 7601
1584 7557
2183 8624
7378 5656
772 9414
9999 253
2792 2805
1109 2653
5167 5534
626 1396
264 7566
3225 3085
8526 9446
7353 1237
3039 5883
3152 5427
3802 3624
8333 145
883 792
8092 2887
3397 2229
2307 9320
2476 2069
592 8567
1961 7286
5969 7066
5460 8220
5635 5842
4298 5709
67 3858
8042 9190
9981 8731
7326 4559
368 47
1859 3271
8558 6234
8495 5293
5248 8634
4220 1930
2420 8457
2826 2617
5855 2787
6212 3234
3960 475
3134 1991
4125 7082
4868 2917
7390 1322
1311 1662
7180 6545
8819 3134
3222 3121
4454 5376
8454 2173
5221 4605
8801 3967
1403 5925
4444 2328
9107 1663
3197 7765
3888 9698
3719 9442
1796 7772
754 189
3945 5302
1894 136
9118 2285
1543 176
3520 3844
1900 3809
8714 2163
2905 2950
6166 7782
5101 7558
3091 3770
2065 3914
2448 8932
3787 2008
2394 5421
6699 3802
6820 7693
1789 8146
4511 8178
1331 8995
5125 8696
266 6237
6267 716
144 6001
9883 4560
5089 1580
5836 4685
6356 3989
418 554
2972 5239
6096 375
2403 347
3399 3740
1932 2332
1941 9388
7611 8890
3320 548
7852 618
5603 1863
5035 494
9816 281
9215 7387
5499 1662
9266 3345
9713 3597
