6500 1000
7292 3353
4286 6010
653 9484
5501 4773
5790 2191
7393 6250
584 8082
894 2713
6761 4018
3276 5386
2785 5293
348 2190
3404 236
7349 6828
8842 9750
686 969
5515 8364
3081 9785
4547 8463
2704 3486
3016 3833
8434 1206
4716 2684
769 6522
9360 2343
9425 777
2911 7420
5498 361
8669 2365
644 7497
8635 6487
3328 3629
3328 2029
2436 5525
7008 3013
745 9577
9980 4444
7329 419
7519 8895
7287 2302
6209 3646
48 765
7528 7498
7549 2421
1832 1528
9066 37
3480 3324
6208 2727
6047 1055
1862 8573
586 7074
5353 3584
9789 3513
6883 6353
428 7182
3836 1026
8938 9907
8750 1843
8107 9448
0 1507
4454 3580
1282 5589
4118 2290
3831 3153
8101 5464
6922 3283
5803 9289
7729 7630
2874 5191
847 2846
9983 270
773 8673
522 6043
645 3158
4162 3924
3108 6030
59 2680
968 2945
7797 4704
8717 5860
8968 1700
5716 702
5160 5108
4943 556
7710 9263
5638 1027
2172 3068
463 4983
4685 6285
8360 4961
6847 8220
7492 2792
9185 2636
289 6459
9013 5960
3698 6511
7123 6228
6156 8705
7047 1656
1348 6214
9267 6507
6933 9609
2371 8269
6164 6401
4937 8533
6674 5000
4338 2420
433 5187
9686 2187
3852 2131
7122 8540
3673 4219
5203 8276
2696 4529
1869 3848
7318 3143
5204 6341
133 5851
7362 5924
4530 4872
1968 8674
8826 4759
620 2576
9177 4251
1159 9581
1069 7801
6404 7969
8546 9247
3806 681
3346 485
3039 2950
2813 2981
1792 5458
2258 6409
3449 1710
8786 7665
7840 5015
9682 6224
6604 7391
4836 4626
1040 7075
5687 1824
7551 3902
2550 810
6815 4493
574 196
6656 508
7680 2668
6827 9339
3553 5015
6618 6496
7705 5340
526 1090
9434 5344
6693 3114
3655 1999
1242 6014
7723 2647
3446 3008
4806 3177
382 2435
8916 6533
9253 1772
5529 211
5521 2548
8588 370
3164 2211
3900 8283
5866 5491
8866 4571
6625 7313
4335 8149
5009 3749
4632 1425
5605 494
8141 4318
8606 1858
6389 4451
1347 8722
4325 9806
2383 7902
4119 1400
1215 4082
9484 2788
3143 1179
3600 8074
1035 9403
762 9368
2170 6925
3877 5785
9851 6331
8294 9868
2930 3486
7846 9263
8996 7368
3435 8838
7437 6651
9944 2454
716 6700
3594 3785
8664 7755
3739 3833
8896 2432
27 8970
5670 5752
1551 245
9307 3007
3141 56
7524 2441
2371 9791
5469 1507
6853 8966
5737 4293
7005 34
8535 5117
2228 6430
4019 1304
7081 8449
7724 6850
1002 2559
5944 9802
9671 7371
5493 4859
1724 4031
4252 9802
9909 3053
2884 347
1286 3519
4709 2507
1169 8676
371 6591
4682 8173
1249 7682
1837 8916
8332 3922
8051 3113
3103 7952
4682 5494
6762 3100
8541 7265
449 2528
4882 1713
568 1492
8331 6106
2011 5196
1515 2011
1379 2420
1456 9627
1794 3155
4180 2154
275 5621
5731 7610
5410 257
8086 7896
4684 139
3652 4842
6480 6690
8769 9932
7089 5539
2387 7204
8560 3848
7773 5849
4954 8209
2360 6496
2029 4079
7603 1649
9045 7398
4511 6871
3309 8529
348 1738
6282 6239
523 7224
4834 2712
568 5202
8071 3494
3864 8465
4913 5545
627 7559
4695 7732
8128 6677
4980 1484
1467 9845
9448 3787
2924 6213
2852 6986
1358 7016
305 5349
6029 7593
2186 2148
5209 5856
3568 4076
6532 7267
2821 1537
6849 1492
294 6217
5635 9202
5754 3740
9577 2826
9891 4803
8341 3845
5238 2897
7080 2763
1069 3516
7906 472
7125 403
9749 9145
8831 7512
2861 4496
9618 1459
8460 3842
9784 9667
7681 503
61 1796
7157 3825
9762 3932
1381 1262
3640 8359
844 3817
8836 139
9548 9905
4161 5754
7573 2268
6268 8408
5237 9396
9200 4561
1184 7148
4601 2494
1817 9558
2979 8367
8952 7398
3192 4874
9542 5887
4766 9731
739 8148
3716 3744
7496 147
1595 9774
6705 3093
1350 4078
9405 6718
3732 9191
1019 7990
9818 8424
3933 1231
958 6560
1338 755
642 212
1974 5684
8967 7541
5106 8935
9134 9038
9563 562
3174 576
1125 871
384 1370
9626 9048
9031 4089
7005 6268
6756 320
6463 6897
5372 694
7031 384
4568 420
5806 6959
2873 8695
42 6018
6603 5594
9478 9319
1597 1661
7340 6892
6538 1518
4270 1629
96 2271
9686 732
9239 473
3485 3337
5485 9122
9988 2357
4418 8286
7795 4037
15 4983
1169 4774
4217 8545
7365 6025
6634 8665
9429 2567
4849 2713
350 9245
4520 7256
8173 1824
5860 1318
6724 8986
8091 6174
3263 731
47 490
2263 755
2547 9720
8552 655
8154 9795
1302 8324
3848 214
6012 8914
3638 9333
1980 9131
2473 8082
3116 7598
6813 9555
6083 2580
7159 7330
6183 7245
697 3478
642 4994
8903 5160
3798 9461
4295 8775
8726 5461
3954 9938
2561 2112
373 7565
8641 3034
1527 5236
2568 1445
7916 5195
7801 1296
2817 8814
1982 6735
5104 3622
5177 3692
3208 695
1698 1056
2042 5058
5968 3614
8506 8993
5157 1428
2896 452
3029 1832
1559 7924
1241 8405
3720 2104
4853 192
4773 3468
1872 5776
186 7377
1590 8483
658 7208
2690 7447
4482 8403
1766 5577
8889 8767
4804 7588
6809 1890
7708 7016
5554 8725
2254 9306
9051 9414
9007 3598
883 9543
1960 9604
8780 3348
7516 6078
1377 6779
186 3803
4900 1044
2683 5606
3383 5983
7335 5386
1764 7007
3478 9724
1449 3580
9154 4833
9688 2142
2777 3891
6385 4130
8169 6815
2762 1023
2835 2586
6095 7331
4263 5732
4789 4027
8082 2936
6342 7764
688 521
1647 8239
3506 3493
366 128
1008 9432
2200 194
6907 713
3237 2762
2459 1582
9874 5539
4577 7930
6701 5007
129 332
3583 5833
5912 4919
8153 5993
8114 439
1212 7606
8882 8122
6220 8546
7901 7008
8934 547
4458 7975
6628 852
8203 3061
6552 4981
6250 564
8976 3040
269 772
2212 9850
3471 3561
3547 9646
1891 9968
1908 5970
2832 5962
5993 7446
4798 3038
7195 3490
6188 7072
2261 2318
934 1966
7625 4828
9105 7462
2268 6253
7857 6272
8255 4816
2839 2908
1945 1453
2372 8138
6470 5675
2507 5986
2053 1698
2351 8942
6730 846
4232 4441
1551 517
6180 2363
8424 9941
7170 9288
2437 100
7797 1445
3806 4204
926 936
2277 1162
4982 2933
3839 9467
6494 3229
5476 3063
619 5878
9074 7151
9200 5960
7708 6358
8735 9132
3743 9273
485 4269
3684 2640
3201 3735
6636 3034
650 8687
6499 6408
1479 3793
1082 7400
330 4060
2191 74
73 2879
9782 7096
7495 3384
9198 5429
80 1882
8009 4354
4912 6251
4534 9203
1109 7686
4663 6120
795 3874
5166 4151
4670 2642
6177 7349
8309 3909
5465 2207
2219 4181
6085 9339
2241 9299
8892 6175
5700 7839
1261 7397
7874 6028
2623 8087
3483 7377
8292 9816
5366 161
7734 6226
3285 8157
8086 2656
2933 5132
3488 4398
7743 948
3573 9837
8885 1381
214 9638
3942 3967
6928 3105
6121 4048
4168 754
1966 6677
1293 3158
5267 2295
3060 199
5281 9792
409 9290
8927 3480
2449 8455
5114 6412
5814 3625
5481 1305
7260 7998
4062 1252
6601 9840
9802 7491
7628 5637
8156 103
195 6059
4173 2280
9969 3961
7662 2551
1771 6297
4352 1728
6609 4481
9564 122
9879 230
3139 3768
2750 3481
5494 6822
2035 4875
8565 4412
9309 6897
5470 6534
3505 6345
5317 8208
5139 5959
616 1683
6138 8903
7186 4856
4067 4418
4319 8177
4393 9919
4638 9368
7011 2829
1874 2889
3451 1943
7129 2597
6314 3116
812 8463
5447 5550
3106 6432
6418 6974
618 3804
3888 5928
9106 1202
8239 6300
6344 7877
1657 1926
7527 4470
4406 3147
743 4264
4206 4230
4611 6907
36 7788
1512 1330
5294 691
3792 6277
5076 6614
7201 9888
9708 4459
2118 2477
1125 3025
3703 7027
6783 1987
8868 7801
7996 9657
606 3404
2980 5446
8734 2765
9896 2205
8175 5386
9358 7045
4896 6288
9375 9064
8915 3577
9183 9966
1960 6261
2762 5121
6991 1947
6062 2156
9148 8940
9058 9694
668 6439
9039 1548
2971 7052
3660 6304
2574 925
3783 5983
8101 4339
1005 1154
478 90
7732 5516
7353 1229
7014 621
6892 5540
3827 3608
9974 6098
2206 908
134 6499
8679 3676
9218 2286
9910 4238
1469 763
1238 9825
3763 3981
2896 5534
3067 4610
8283 2496
987 6515
8376 5525
679 3332
2542 8851
603 9154
4215 620
6609 9711
6914 3079
2566 7845
4028 1543
6197 9631
5310 4009
1842 2703
8422 1654
4121 8803
4641 2082
627 7555
2043 3085
1391 6137
4252 8838
264 2004
7689 1540
6924 2022
4953 9511
6607 262
1177 59
6639 6677
9801 9888
1697 7169
5249 7195
6961 9804
720 4366
3006 5108
3777 2812
8934 2159
8441 2051
1320 1253
1232 933
8965 9317
9172 3203
5308 5830
4768 3681
4740 1777
2346 8713
5495 8356
9245 8748
5158 4960
8255 4159
8652 9434
1420 5234
7296 6181
1878 8817
1203 1106
8093 7467
8027 7281
6906 4172
350 4539
508 5434
3054 9540
5580 465
1225 7794
1474 9063
8974 19
9871 4148
9180 2621
2242 9122
6176 5522
5660 2936
6064 2331
4422 4548
7726 5031
1010 8333
6992 9525
2110 8807
6072 2991
8722 7485
6019 1617
2159 1692
6570 1578
4679 8089
3452 4938
6006 7489
969 7723
1204 6332
6417 477
2073 1805
6567 7968
6414 414
4196 6538
2004 1821
1407 8335
7389 5317
3400 4370
1788 778
3654 1055
1509 7708
2043 5330
4649 7411
4164 4392
9072 7771
176 9433
1037 8037
8440 5017
9084 1760
3101 8838
800 4005
5535 4471
1842 3144
3820 3861
6992 2047
9998 6367
6386 4989
5561 3785
1411 4198
8379 9438
7602 8089
1157 5635
7480 6369
7380 1561
7208 6169
2050 9741
483 6391
4068 1273
1041 92
8023 4509
956 3321
5568 1398
6558 1835
9531 7252
321 6230
8899 4983
9134 7808
6769 4604
7892 4995
4466 7104
1298 6378
676 5277
1744 8834
3985 3191
3501 2532
8190 3001
3253 8593
3453 2278
4589 117
4969 7281
4943 8103
6261 9862
4085 6070
2894 1051
2949 5255
1136 47
1939 1239
1777 1384
5416 2545
6384 3206
909 6541
3978 8467
2589 4485
3578 167
4570 7985
5310 7729
319 6588
2978 1645
7663 8434
3316 7392
7098 3001
1397 4660
2687 3398
9943 3821
7675 8297
1878 8494
1169 9494
383 6546
502 4353
31 7971
1537 3017
9741 1795
2675 4408
3021 7505
3875 1293
8118 7625
6208 4763
8206 8445
805 737
8965 2156
1914 97
976 8324
9443 7597
3878 8868
8351 8002
4059 945
2147 1774
660 8859
2045 8751
3579 3086
6278 1431
462 2814
489 4297
9990 5897
9722 4891
2647 2423
1966 495
8439 7163
2165 6861
3509 9710
4325 8650
7518 9430
3607 768
9485 3176
8747 1336
9314 3962
8950 9687
5083 9420
1367 2523
5139 925
3803 1771
7345 543
7417 9655
2001 6866
5592 9012
6191 7469
8667 8585
9235 4705
6654 6938
2940 2000
2288 8380
8163 4392
1585 8206
3916 7505
805 9011
9034 4335
1855 4320
5647 2620
9515 5179
3901 4960
987 6089
3211 1869
584 8023
7784 6964
210 9394
6358 4459
3173 8112
4282 7504
1592 2009
8807 1254
3220 9664
7811 1472
3973 3497
669 5941
1605 3890
5258 1359
7862 9310
600 7820
7030 2998
1111 9438
122 3310
9826 2235
7100 7540
5083 460
6907 1375
2490 9734
1588 9796
4951 753
8712 4555
6678 64
4787 1585
9042 8635
4392 1608
1132 2234
8689 3963
5051 8287
7550 8613
5441 4177
4810 811
2673 3356
3909 1124
8333 7306
4439 9807
3030 1853
553 3391
939 4099
5699 7417
8249 9126
8206 6683
9183 1263
7963 4087
9781 2598
3760 2229
2384 3683
3325 8504
5606 3886
1388 3046
3256 5289
8793 990
7658 9465
7732 460
7768 4979
5665 7955
1234 9325
7390 2536
8924 4512
5564 1888
776 2022
1355 6036
4737 709
9953 8955
1344 3216
2872 2061
3036 2690
6731 6940
7892 8069
9772 8875
4983 4705
689 1478
2473 6478
1530 860
2207 4859
5644 141
824 3543
8233 7541
8690 3552
1082 8896
4555 2845
6421 4739
8312 8818
4692 9512
9751 6718
3341 6614
6399 6408
513 460
8660 5450
9122 795
4468 4014
5967 3333
8124 8498
3580 8426
5293 7467
543 7335
2865 2471
3275 7618
8614 7123
2078 1335
7233 5515
31 5125
7077 8977
2315 7150
8601 7377
3909 1192
2411 4744
9719 5094
9634 2475
2991 1764
7153 7711
5669 9039
2091 800
9851 275
7656 4803
810 6416
7084 9715
5301 4070
6203 6195
4893 6883
8543 3012
7241 9075
2377 8028
5325 1746
6116 9843
7302 2367
7361 9453
8261 2505
4283 3958
3169 5024
1479 96
2686 6182
4465 6295
6357 9054
1108 5124
1410 187
8705 7333
7091 2230
1973 5373
883 2483
4779 173
1658 5657
3372 1563
1594 3541
5779 331
3615 2103
4588 9671
5547 9267
6846 1450
4407 1095
9567 9282
7137 7762
4925 2234
7419 1825
898 117
5009 7303
4931 7529
629 7263
5957 3067
6274 4206
4575 3928
6609 3048
3651 7158
1569 6008
7673 7434
671 3361
9221 2443
1863 3345
1297 6208
4095 7699
4281 5674
1825 8641
4998 9629
3242 1450
2186 370
1906 7556
9511 1354
7427 4332
6816 3853
1242 5214
3821 9696
2482 3898
2878 1093
8862 5306
6823 8379
9539 9101
519 379
129 8235
7002 728
1171 4479
692 1644
3915 2901
2920 3391
5902 1683
8408 9728
82 7524
6387 3044
860 6283
3794 2529
8183 2501
3492 445
703 7781
8589 3478
3826 3496
2863 6314
4532 7130
1434 7476
7140 4957
1546 6829
7626 9641
3940 9147
665 4782
3974 1807
6323 1784
7790 6000
7734 599
8363 5647
3455 2144
6334 283
6712 2462
9690 638
9149 817
2180 4049
8026 627
4268 3462
3937 2469
5039 8048
7089 4715
668 3682
5605 4717
4779 1168
4378 4861
8379 2640
206 7295
1257 1713
3441 4789
7327 1321
5628 4089
6089 3064
9990 3527
9212 6284
8406 6450
2441 4164
2380 8077
6450 1370
9634 4539
8432 3316
7708 1175
6055 7944
7970 4036
6824 4613
686 3716
3698 3395
5383 1195
4408 6862
2086 4997
6604 6058
9477 7401
9178 1219
5130 8047
11 9027
2533 6515
7684 3380
3225 315
1385 375
1386 8250
6588 7810
1402 3414
2285 205
3330 8043
1114 556
8492 2982
3427 2154
2479 4674
2000 1860
1173 8109
1813 3342
6010 5086
4873 5511
2040 4993
9970 3815
9051 929
8934 4863
4249 5835
3043 2452
467 5630
6428 424
8291 296
4491 5559
5371 3477
2010 150
6565 9215
2800 9502
5558 5192
3684 1955
1979 7051
407 4398
5747 4650
533 6378
6028 7220
5047 8898
6316 1603
205 3054
4234 9839
1731 2406
7616 2122
7325 5106
2058 1094
33 9364
5353 5774
2304 4635
300 4031
1058 3377
345 5877
4669 1928
7657 3989
1304 2454
9085 5915
1436 7950
2059 4242
3635 5832
5423 1649
617 2335
7874 5722
1144 4738
9282 2064
2487 1076
8438 4431
3796 1062
8740 8853
9470 8475
3243 9373
9332 5153
9672 3049
1759 5748
9783 5144
7315 8129
516 5204
5779 8102
2944 4129
3021 9405
2257 9402
9040 6399
6058 7002
2406 824
2272 7925
6641 3440
4510 0
7642 7764
2309 4217
856 6757
8625 6392
9194 7955
5331 8542
4021 4799
3033 5571
6926 6789
1830 4952
8590 7805
9885 9756
3815 1138
2011 4605
8567 380
9210 7865
1344 2954
3312 9546
5728 187
1819 4854
774 5607
9665 9349
1300 4055
1060 6936
9855 9758
8301 9318
1256 5751
1294 4307
8720 3973
7978 2190
7150 2463
9256 3919
919 761
376 809
8650 3910
6108 9588
3357 4857
7920 4257
185 8961
3422 4456
1475 6827
5621 3493
1994 8665
8395 8776
1864 4171
9357 4109
859 7046
9235 3926
6959 8082
3790 8604
8744 3182
6770 485
5477 8172
3856 1022
3632 6587
7830 950
717 2762
2795 9352
4918 562
1156 4192
9304 4425
6871 7481
6967 901
2315 8836
6778 4999
8694 1094
5905 1424
702 284
3075 5474
7470 7583
1740 3725
4221 9926
693 6373
8126 9712
5749 2504
4120 1886
3350 3150
3255 2604
8633 264
9503 2161
8394 309
9456 1671
7346 2870
1626 1973
3294 5742
8220 6581
8184 4670
2711 6302
9365 6356
3124 439
9526 580
4032 4873
2417 6629
9805 8851
9202 1012
33 2962
9972 7963
720 4214
7516 2001
7485 9557
1507 928
4872 5218
6167 5656
3315 2597
3508 3652
8892 9592
862 2688
3084 8432
7701 2630
3539 2453
8923 9683
9367 121
4882 8213
8261 8187
1392 4016
2206 2702
2735 4317
6284 5394
7331 1918
1195 2188
7130 9106
5858 8233
2180 3199
5054 8627
8756 1082
4804 2933
4093 7757
3603 8445
6848 7209
765 7788
8630 9703
8202 1528
1981 6233
3610 4556
4939 4232
4531 3450
2598 3498
9799 2813
3317 4903
5408 7339
1550 4176
5604 1349
578 2201
1889 9807
7754 1183
3246 7111
7868 8442
6096 9441
1216 2731
7192 6206
736 4999
5529 7304
7803 8197
6634 5439
1818 6419
2774 1820
2607 3537
5825 4879
3712 5656
5886 5876
8998 4263
8319 8277
6663 6216
1933 4364
1868 526
6361 4150
4411 4809
9389 3963
6848 6965
1363 2025
1784 6744
1679 9741
4095 5003
6385 2715
8262 791
5024 3938
3256 4755
3618 2318
7902 1270
4508 4446
4656 1758
6179 1993
5335 5511
8649 3515
5058 6894
1089 4055
6986 9937
2020 692
6814 959
1517 5298
4328 9379
5599 9921
2464 1808
7041 6448
6042 2188
9098 7101
3158 8419
5188 887
6738 7767
9433 7088
7379 1092
4708 7576
6305 9792
2230 3254
1383 9046
6524 1466
9778 3476
5326 1516
6347 822
9246 6130
4631 3206
6974 7170
8559 8953
3466 4661
1584 887
8354 9877
9041 9113
9462 4894
3858 7217
6889 5489
9510 7599
8393 8960
1789 8070
7689 3774
1967 6692
4586 8205
8797 994
1936 2402
2135 3577
4605 5842
71 8189
5514 5464
8075 9814
7427 2490
2175 5853
586 4925
6684 9171
9090 1226
488 4925
8470 928
2510 1608
8805 802
7372 3008
5459 4073
9241 4242
935 4478
8232 2460
9955 5880
7741 4451
8968 8133
5826 4561
6434 4826
7099 1373
8076 630
5427 5205
1088 2720
5490 2946
6225 629
2751 6844
6367 6811
4282 7506
8994 2788
9018 2228
90 8170
1731 2814
2190 9646
1125 2142
1460 2386
8432 5466
3668 9184
549 4590
6739 6163
1840 150
2100 746
729 151
5998 41
5178 8120
7599 8374
2173 6787
2594 4460
2535 7619
7461 5456
3692 7775
7684 929
6594 7108
3630 3976
1053 6636
5022 1872
8246 4353
9084 1736
9253 4745
7741 7578
7459 6909
4014 5063
701 6562
9915 2577
1969 498
8815 8582
6468 8214
5928 9151
6236 1670
1738 798
669 7192
3994 9596
3172 9706
2061 6395
8910 3504
9862 1099
5105 145
7253 1204
6942 897
646 6741
5506 7762
7057 4455
3621 681
2662 6793
4496 7909
2166 8911
2174 539
7840 3099
7441 2668
6556 2961
9202 426
5252 5925
2677 8910
8255 3663
4264 7206
829 684
2295 4838
4934 7263
9793 97
4281 5387
2285 5595
1919 3955
576 3265
3680 4232
7368 8605
9834 6962
5376 8296
3852 9819
3923 3623
1179 3809
2775 2561
5323 8053
7230 6225
3516 6244
3728 5597
6176 6242
8736 8521
1867 5622
6706 4617
5194 4107
5621 1323
2725 8401
9700 3422
6027 2720
8934 1499
7772 1514
1816 221
9947 4566
7583 2334
7735 2168
2413 35
7162 6134
4889 8933
7770 7913
5932 779
4720 2120
3574 2395
9839 9264
7893 983
4805 2720
7850 3394
7894 7304
5620 1237
2995 292
450 2079
9770 406
9617 5662
1683 1158
7639 1729
4648 3743
8524 3678
412 8618
657 3564
7094 484
7818 8572
8419 3997
796 3404
6274 7059
8486 675
5275 4367
3874 5443
2340 4870
9575 2110
2371 4263
880 1841
9024 8093
7326 6070
8188 7970
459 9497
9167 3899
2187 8364
2617 3604
3007 4961
2381 2740
461 9675
2001 7917
824 4506
9976 5060
2890 2832
5807 7410
447 9564
2091 7535
1422 5216
7897 6557
4685 5206
312 3499
1831 9310
7123 8570
5237 4730
1761 1153
3757 900
2981 2294
1823 5134
8655 145
9014 1590
240 3199
6196 3532
5934 3097
7933 5735
810 9957
6693 3087
340 8218
3454 1625
9318 3077
428 3107
1780 1670
2308 1596
3089 5691
7863 5959
3574 7228
2906 9020
6390 5130
1496 1347
8734 2329
9771 7763
8078 6377
1392 5975
5089 6160
3924 2831
3502 617
1969 1086
6516 7785
8736 7541
9244 3444
6013 4214
6030 5231
9429 4169
1727 3173
1462 8212
5494 6188
6817 3862
8468 4047
3538 7155
3670 7059
6941 9348
3265 2827
7812 4281
3734 3438
2860 2772
1448 2093
8290 1538
7966 8722
6129 3629
6583 5618
4886 9862
3302 7377
7389 2285
6640 2205
5954 3823
4057 8575
6931 8674
6284 9834
7202 6882
3311 4286
6765 1819
5431 3000
81 3201
1145 5600
23 7266
2159 5216
3432 5094
2688 6919
2672 235
5876 7915
3990 8568
7784 4039
2560 5087
8169 7355
3390 1652
4002 5817
68 4169
5393 1911
4933 2401
3481 8935
57 1147
3317 7979
3917 7743
8862 781
9603 4400
6695 1888
3296 7833
5921 791
4575 2355
4676 8383
7098 2845
2671 2513
9719 5157
8857 7885
451 7383
6525 5997
5406 5031
7720 6570
291 736
7595 3244
3160 1267
4937 2032
9846 9057
7824 9393
5215 9854
5433 4742
9715 55
2718 2759
5099 3812
9210 4695
8115 9051
7987 298
5940 1512
5029 2649
9016 6193
8562 302
8102 4252
9527 1965
7994 9329
663 2200
1412 5535
5423 9412
1814 5404
3094 7637
6523 3943
7210 5633
1678 2285
9466 503
5459 5695
9964 9886
4433 620
1701 4266
8156 8479
5545 5202
1055 3673
3565 6883
8592 8478
7469 8781
5969 1364
4594 5287
3233 7302
9765 9131
4494 2684
9247 3987
9962 2989
1720 629
5397 3899
6157 8660
1062 8175
2991 3290
5933 5883
7576 6780
1922 187
8308 7639
8622 8878
6164 6709
8170 6347
6957 7306
9337 9861
5027 6128
1002 5304
5202 4975
6285 5072
7537 3214
6145 5845
3671 7831
8702 1453
8860 5003
6533 6070
3476 2884
3828 3260
881 232
3737 329
132 571
905 9752
9723 1972
5607 3615
6005 6335
3836 5328
7859 5239
3604 4424
1994 8549
9261 6020
5289 8472
4336 5782
8693 2068
6144 5394
1705 7742
6266 3444
6518 1537
3261 9328
1538 1297
6299 2017
4741 7926
8563 4689
3871 4193
8841 7343
3535 5121
4107 8565
3693 2997
3947 841
7780 650
4250 2001
540 5107
8963 6520
2950 6134
1186 8723
8422 8820
219 8705
2774 7274
7769 8697
4330 5840
5450 2659
618 3082
7381 1406
7301 3926
7291 4972
6793 6601
1608 9798
5905 9771
189 1593
6296 6404
4932 79
250 1539
4421 4535
5039 4764
4355 8370
5710 9634
5706 6575
5658 3311
689 4401
6693 156
8705 4123
4106 8748
138 2095
6150 2267
9872 2744
7092 1669
8325 8386
3589 5786
1295 1841
5578 2233
7968 4379
6877 381
8263 1710
1335 9903
9164 629
8513 1582
9962 3127
5708 7091
3809 9476
7980 3907
5256 5581
8713 2852
6403 6902
2453 4513
3789 4055
3351 7290
5160 5090
8631 3331
5046 5597
4255 4581
9016 1620
5807 3673
8081 4321
4089 3822
6126 4922
2870 1044
7986 7732
4144 8451
8711 659
9169 909
5641 3533
4504 8082
2101 7827
110 8863
7005 4477
6865 3369
3829 1611
5971 9667
2914 2028
3983 8331
6978 601
5862 4325
9199 4225
4338 2115
8884 9907
1374 4398
1819 6008
9995 1246
2335 6196
2322 3257
5378 7839
3091 4765
5922 193
6590 2381
4568 4585
3215 7744
7886 5671
9610 8038
1403 6177
5915 5756
7410 3341
1386 7491
2177 4236
7694 3402
207 3316
371 3941
6265 5919
287 1965
2849 8873
2304 5662
9454 9917
3116 7732
225 9233
2024 2999
6403 7478
8252 8885
4023 6442
4339 7104
6601 9974
784 759
4915 4938
5287 93
9325 7758
4330 7437
3475 176
9810 9025
57 9071
7102 5920
8867 2827
8781 3042
2281 5509
4489 6966
254 2284
3915 1266
9455 3159
9694 6438
3187 2241
7454 1889
1497 4089
7423 1173
7687 9476
8289 697
4556 2207
7514 8327
2378 992
4141 8087
8789 2240
8263 9045
9956 8915
3732 7304
1742 7390
5407 1281
1535 9240
48 4060
6490 9523
8077 4839
8102 5918
9860 7276
6294 8875
952 4067
3196 7374
4691 1863
8900 911
9717 1543
2608 8955
2849 4399
8086 1421
1418 1534
6188 2592
4584 7763
1552 1993
368 4877
2360 2617
3866 3192
7473 9198
4693 7833
6699 105
9091 7453
8173 3394
7233 6779
993 7638
3539 3837
95 9435
2551 2484
2099 1737
1174 3087
7734 9757
8865 5565
402 5111
5926 7952
7705 4686
288 5581
771 8214
5531 121
5164 8785
5101 7996
410 6091
4486 1362
5758 2944
6624 211
7318 7272
3714 6179
1292 8956
703 9732
6572 6008
4524 6010
8262 6389
7024 2750
8024 9644
8017 4449
6544 8109
7523 6992
1014 4609
5167 9790
4084 7627
5768 9874
3597 3664
7848 5478
5225 4818
1976 4926
2470 3610
3128 7707
4221 1520
2663 576
5195 3198
4536 1219
7250 6898
8715 8432
1874 1054
317 7965
6504 265
613 579
2763 3180
2665 5335
1036 1429
1593 778
1272 5771
2755 4422
3888 3747
3660 2493
858 1399
7409 2987
9010 6591
4782 2721
6605 4214
8476 6580
1080 7011
7183 9918
5308 5926
1891 3927
4134 9771
6760 9354
9467 4095
1531 8419
4147 4278
8580 1929
7716 5202
3866 1107
4612 5532
3340 7193
4624 8257
7431 3888
9155 2524
7345 8665
5594 9324
4553 8017
4771 4888
8495 5620
1757 5781
8845 2384
1097 7686
7851 4571
267 2160
5430 5767
9832 451
7010 3695
8907 6760
5239 1896
1544 8187
1296 5341
1508 7921
7571 5830
7542 1273
4498 5282
6991 466
2470 173
7436 463
7150 4421
9273 3525
3976 3645
8395 5316
6753 8729
94 2928
5048 5682
7983 7944
9946 4777
6043 3126
2603 536
2100 9830
4814 7756
2256 5515
3109 8205
6560 4204
6469 1663
8275 415
4906 7443
9276 7008
6670 2906
2927 7673
3197 8248
5620 1499
3303 8541
1723 2952
4791 315
9727 2473
6545 7253
2191 7777
1536 2474
8887 3275
6853 3163
8078 5406
718 3525
2145 2545
9978 5863
8070 5621
9777 311
5700 5655
9126 978
9683 3778
3283 3617
3576 1814
4881 8943
7154 5271
5824 8233
481 6421
9040 1069
9269 9626
712 1494
7805 1452
8506 2744
3704 595
1027 8172
9910 4493
308 5834
456 4490
1741 2609
7046 9146
1145 9983
7763 5480
6406 1347
2271 2288
4900 4620
2495 1147
3094 2522
7047 2532
3362 4744
3094 2934
110 9029
4353 5664
928 290
8426 6717
3412 3959
8532 659
5306 7906
3497 9401
9458 9201
9227 9554
9926 8232
7532 609
2871 3287
4749 4720
2502 7471
2779 5543
2633 1557
5414 1618
2040 6886
5632 7974
6869 4551
4235 8198
9229 6371
6584 514
2561 1031
470 5362
1408 6890
6704 2483
8831 3739
8104 9100
6721 8743
8095 3676
7139 1413
6171 9508
3725 5777
4083 5863
5695 1116
1459 2622
9203 4580
8268 6333
7173 4374
9735 9773
4235 4586
8391 9392
4834 5907
2568 505
6383 33
7496 483
8680 4290
6948 7693
8127 7998
5692 9002
4286 664
2823 3478
355 3769
463 6193
8612 3479
6145 3198
2735 7896
2576 9776
7512 394
1577 7418
4088 3434
1841 6300
6679 2711
9691 8747
5038 9367
2426 6734
9167 2166
3831 6930
3026 1282
1586 4709
7508 4277
7784 143
5895 4684
985 8156
5405 2497
4368 8513
4381 3097
7920 4023
1751 1711
3063 9932
9715 5542
418 8630
7641 9911
2267 7731
4812 4204
623 6693
949 2678
8672 7656
1753 2898
1697 354
5887 2201
8462 9953
8189 5605
9715 767
250 6901
5290 8931
2037 6373
7914 1169
1168 3433
6562 7036
5718 9311
2522 8196
4451 6661
179 5691
4358 3803
5497 1125
7199 5705
4002 4460
2937 6216
5686 7943
5671 4768
3434 5617
7049 3020
4113 8950
3164 3436
9624 7079
3296 4990
5160 2432
9149 1386
4119 865
4598 1096
8436 2570
3116 225
7032 6503
3702 3766
2422 2637
9365 942
1008 9611
5073 5231
1692 9562
7608 1296
88 4394
5202 4123
9509 3954
2257 3077
7833 3269
4567 5290
7911 1015
5793 4085
7182 8038
610 3410
1234 8131
5959 7019
734 188
7054 9042
5699 5215
7642 8148
6793 2768
1427 3079
6405 6572
87 4289
3763 3017
5719 8930
2921 8455
4433 9302
156 3138
8978 553
6672 5438
6837 2217
3957 7898
7867 4738
8998 8689
6381 1582
5508 7494
84 5794
6473 5909
140 6741
988 5657
8428 9635
3503 9880
1601 6950
9393 2180
4073 7071
6015 6987
7559 5562
5199 8200
2713 7738
9361 7114
8493 6453
3523 3385
2080 1020
3470 7698
7339 4704
4032 1566
4561 817
5277 1314
159 8429
9136 2177
7797 2759
7560 7800
3356 1117
4650 6047
8261 7880
6844 8631
3812 1339
1731 2043
3067 2173
6268 9302
9747 5069
2481 1324
4962 1916
9764 9842
5438 8759
7914 1315
6447 8285
3491 4861
6115 741
6803 3612
660 507
7363 3024
8191 7600
9623 1490
6429 7342
7093 9340
4938 9324
3340 1980
6846 5333
6616 453
5835 5572
1007 9494
9749 9234
7037 5772
5349 9659
3284 9281
7966 8112
8136 1287
739 5671
1817 9644
6929 2577
7908 8445
2264 8146
3872 7100
8948 6719
4689 423
2861 8315
8954 7967
706 3662
9674 9230
6743 9734
569 8422
7881 5760
3789 9583
8172 3591
5906 3838
4797 1799
2752 209
2824 5489
9857 3679
4418 286
2680 8740
8481 1639
5599 7315
530 3467
4023 9576
5119 2619
7734 8472
3637 3420
9905 8165
8606 7505
1058 9256
342 7353
3813 6897
2614 8675
3418 6018
7241 303
686 2621
4845 9074
1955 7658
1363 4784
3154 5485
3376 5542
1569 3500
7795 5153
8001 4210
5493 1252
6448 5382
7422 3048
5328 6522
4773 1539
971 9203
2407 1548
9518 8700
6766 5965
1192 5824
2452 3674
3162 1799
6267 11
3524 6214
5080 5884
4869 5750
5276 2878
6194 4791
6603 9188
6696 7361
202 8859
8785 492
3815 6148
3276 5180
4730 883
3182 6239
3025 7264
8139 9345
1923 6083
8298 1941
1131 241
2960 6460
7106 4627
8238 5966
4625 8986
6424 5052
2714 2595
7820 4137
3163 2053
7871 2580
2071 3420
501 2972
9029 8250
4498 431
5128 9547
7207 209
5271 1356
7105 2757
2139 6074
2471 2243
6200 6185
8767 2501
2192 452
9240 9666
8822 2603
5702 7364
8375 9482
5335 1579
8160 3279
3554 6379
0 8944
9922 8026
6990 5600
5826 8617
1204 1074
5966 2239
4547 8327
6059 6369
9372 4809
5575 6407
8159 5138
3173 9832
4410 3252
1526 7290
9664 6963
7893 8902
5500 268
568 4432
3955 3182
3984 7706
3292 8255
377 3483
8660 7705
2506 6137
7266 8562
1743 4843
4161 6845
3166 607
5011 6669
1758 3094
6057 4036
5873 1481
5070 7789
847 7725
1234 1873
3357 8926
884 1612
1017 5528
8981 3382
2788 9431
1860 8460
7955 6594
3677 3283
3765 6026
2691 4332
5558 9428
1873 7845
8555 4874
2002 8519
5401 3153
2341 9003
3054 649
9065 9301
1092 7974
8630 2801
2511 2669
1880 6705
1693 6069
6785 6339
4851 8980
3024 2624
2801 9291
7876 9195
8074 9689
9455 6086
4802 9137
8892 6711
3318 6518
2713 2472
8066 6652
4274 9968
3616 8726
5553 3407
2411 9175
7458 1973
4151 3309
3482 8799
9552 9258
3133 5349
3750 2979
7046 8618
9429 6360
8301 2716
8604 418
1707 9290
6514 2502
6885 2529
8894 930
9995 1569
3378 9431
9190 8056
7300 5279
5142 9522
5733 9867
674 9570
7159 487
7309 4005
426 3871
244 157
5423 1237
8768 9248
3982 5032
9447 5208
4909 2219
4457 6178
669 7004
24 2875
3676 4169
7922 6595
1544 2081
9909 187
8888 3671
8237 93
7862 7414
2244 7289
1647 785
6874 8453
2394 7476
898 2243
2266 6222
8575 9923
719 8301
6318 3901
131 6566
5325 8279
6941 7742
9074 4739
9292 7515
7576 2484
6808 5541
8757 1841
1645 6458
8560 1592
7308 1299
2567 2455
338 1059
9485 1108
8033 9407
2220 9622
9935 7709
7116 8523
9620 1090
9494 6738
3043 4609
2066 3228
3238 8101
3505 7916
6066 68
7717 1467
4817 1266
4197 1309
6281 9767
1752 6177
2587 3898
9313 6311
1040 2906
2396 629
5621 8950
8422 4524
1382 8248
1379 8992
7571 6924
8422 8508
9906 1558
3976 5488
9442 270
9358 5311
1208 2021
3072 4114
7741 4134
7077 3308
7385 1589
6335 2825
6716 3929
8721 5087
3417 7032
8433 1989
6270 5448
7937 1268
3329 3732
3591 7555
1941 3391
7273 8385
7914 9847
5043 1110
1199 6246
3568 8316
2139 9668
8045 7467
538 1751
434 8711
7887 3516
8923 4192
4414 4751
4306 9299
3278 6430
822 5250
6362 4737
765 5460
3711 9810
9453 1906
8991 3731
7951 5273
2320 6704
8033 4246
3530 6640
2172 9200
680 9664
6456 606
4681 4504
330 3296
9379 3326
9550 8528
3449 2766
269 9310
7919 854
8813 8333
5658 5098
3628 4102
7796 4428
2984 2038
9369 5578
1453 9405
1197 1469
1167 9953
5461 5388
4204 3777
1695 3958
419 5134
8490 3223
6285 4037
2804 3195
5437 2532
6245 6436
5649 6543
5198 1190
7149 1847
5788 771
6878 9604
9072 3761
3608 6891
3293 2410
7019 5505
4821 8018
2850 2623
6569 860
9909 5531
3692 1404
937 9106
7962 5762
3032 5991
302 1413
9271 8498
9549 4357
2996 5287
1432 1575
3197 233
5863 3740
3406 965
556 1171
3119 6447
141 3852
2942 9156
3363 2366
5453 1839
2116 1009
3389 47
4081 6385
8605 6981
2183 2852
4913 8710
5183 360
5371 7357
6402 2050
3730 3000
9523 2913
2125 9343
2595 3915
2133 8092
8058 5487
4293 9665
2125 1271
5724 5106
1856 4347
3303 9250
4368 3484
8987 404
3691 7264
5588 4269
4428 9294
874 3769
2314 396
5359 1015
7845 5412
1261 2416
3786 9682
418 2658
3399 1506
9092 576
3030 3628
4224 5960
5186 3185
7312 7534
2425 1591
6789 9309
159 9571
8292 8239
4988 8875
42 8019
1725 8634
9968 4675
4780 1233
9642 6904
1308 9884
8310 8798
2144 5417
8388 177
8750 7726
5559 1290
5787 8444
6129 7554
6764 7113
6770 8335
651 8078
5543 8367
3471 2219
8227 1695
5810 5314
5177 314
7905 5459
8151 1837
4665 8974
2026 6179
2446 2729
6031 503
3410 7016
7494 7277
7073 5643
2479 1568
2218 6318
1720 9594
5 5452
5379 4297
620 5740
8503 8349
2576 766
6428 8037
8751 2585
603 375
9847 1054
7338 8294
7230 3493
7308 9275
4445 7478
2959 522
3506 4482
419 7668
231 7727
3889 4216
9538 777
5872 1561
3623 25
1673 3964
7687 3981
6306 3017
4138 4514
7116 9916
2008 6328
9532 5845
8759 3632
7776 1775
4952 7502
8248 7027
7079 8428
5291 495
7582 8707
7985 4205
3917 2647
7605 5903
5176 2802
2516 1099
4967 8587
299 5706
8513 8655
2046 4914
2864 5625
764 548
6990 7026
7412 5356
9950 3079
6437 9048
83 1762
7759 3604
4456 1605
8168 5457
2032 7289
6785 5291
9951 460
8116 5548
340 5761
8799 5255
758 3532
9632 9612
7501 8445
5554 5167
1171 2183
1180 4755
2995 9322
1304 6781
6955 7191
1541 9831
3714 3040
6133 2478
4497 3044
2577 7468
6101 3046
5389 9359
7267 6392
4802 8363
6461 4544
6369 728
1869 8753
1571 8040
2369 6729
5054 9266
3122 936
1767 8358
8420 6391
5363 2058
3881 9266
8258 9741
6185 1545
6271 1811
9242 4252
4150 856
4094 1893
637 4418
9221 1671
7032 3999
9764 1699
5005 9434
4611 5759
3893 4050
9535 1783
4990 7261
7343 4110
4769 2382
3085 320
672 705
5421 8945
1250 4475
2142 3318
8284 6181
9467 5910
1019 9542
9608 4651
1474 1200
7863 2381
2982 2961
5790 2827
2002 992
3969 9206
7897 3032
1708 9488
5415 1561
2745 3691
8980 1228
6607 9279
962 6058
3183 3650
3894 1050
2700 6616
8342 9038
4236 2727
437 7745
3810 5177
8841 9300
1245 658
2843 2132
9599 2568
5992 8456
3216 4783
8004 4319
5885 973
4579 1941
5750 4088
2067 6139
8634 1995
6586 3919
1373 7876
1507 1423
3299 325
9863 6864
7732 6321
2062 5340
2439 8797
1373 999
6393 5029
3617 8123
1223 1266
8968 4777
1270 6279
94 9396
1788 8706
7085 3864
2385 7834
1512 7992
990 2377
5245 9138
146 8549
5554 3248
8086 3784
2626 9987
6327 4474
1406 6582
9295 8828
2008 6696
56 7742
9968 6791
4485 2546
4843 471
6109 9721
7501 8529
524 198
5794 9113
1122 6046
7386 8313
3763 3927
5573 7865
4645 3996
2990 8650
9789 6848
6859 5012
6347 9326
6789 385
2375 747
8914 1854
9250 5123
3226 7934
3486 9256
3588 2753
6849 6459
2572 8027
1587 9174
8742 1294
3652 9367
9912 120
6229 2609
6599 8352
5886 9513
1061 3328
9766 1015
4679 4163
3708 6405
6968 4336
162 4710
122 1038
6865 2797
6860 2999
4833 125
177 1170
1932 4532
206 2741
2798 4396
7224 2355
9863 3119
9334 6465
3430 9903
9470 8438
4797 5884
8145 3340
6489 9720
3500 8102
4463 8690
721 9573
6331 2817
6377 1789
3920 4439
4187 4623
7465 5720
1028 1837
2574 310
8848 3061
7647 5297
2954 4126
800 3992
45 2539
6164 6541
4126 2390
9910 4719
8679 4029
9809 7613
8002 4062
6259 1259
9117 531
6249 8381
184 8658
2982 6049
6476 6085
9919 6811
2830 3012
5729 761
5960 4684
7023 4831
7738 4901
4552 7132
3501 2898
5896 7674
8147 2807
4039 9977
5144 9044
5581 9087
5631 3884
6282 4929
2029 358
2036 3896
3075 8933
6326 9102
8751 6927
5740 3814
3911 9109
4332 5258
6185 6114
7134 7446
1221 8524
9817 2299
767 203
9783 6375
6278 1224
2606 6969
8462 8900
5692 1880
8292 3190
8067 6954
2268 3587
750 2393
573 1270
7513 4880
4216 6326
3946 9883
9111 8761
5022 4775
9511 9378
6522 1082
8152 2920
131 538
9183 7114
3423 6769
8038 6225
4707 7236
4840 7862
5788 668
7991 8727
3151 2970
7092 7373
2110 6486
7607 8737
5086 8179
9157 4237
7122 1230
9231 4628
3180 6247
2562 516
7999 4084
7927 5926
1864 2986
3025 3449
7179 3071
8153 2404
2075 3496
7264 6671
8208 3279
7341 1242
8544 6775
2322 7309
8579 5818
6270 338
9229 5317
5551 2267
125 7681
6291 912
9189 7391
1830 3433
3410 8329
1233 5106
5756 9738
4888 9977
6307 2110
597 8752
3415 7357
2823 4420
6731 8226
3328 6265
7836 3144
4394 967
4126 4069
8493 7985
2494 9897
9463 4853
287 9781
6419 7227
6210 5355
3603 2732
6770 4919
7323 6692
5810 4648
3757 9308
970 3675
3481 4555
7394 7689
8219 8714
3791 2776
1976 5678
8709 9744
8435 6092
2254 191
5298 3876
2028 4056
4993 5003
4064 5350
2081 7906
8581 4733
7091 63
28 2674
3542 3157
7816 9184
1909 9367
6908 5038
244 8
6000 5162
797 2850
9521 3776
2433 7131
3875 1633
3905 3201
2906 2272
9462 2371
8572 797
153 8340
2996 2199
8934 4492
7608 7646
9318 3108
1221 9719
3648 1572
437 7203
3913 3404
4511 2138
3641 9993
168 7102
233 3
6728 554
5199 5402
6881 4874
4567 669
4216 6769
614 2298
5368 1041
1794 7893
613 2012
347 7837
3415 5302
2509 8438
2348 740
9588 4371
839 9112
5672 8922
8368 3768
2804 8749
980 3630
3068 4693
1540 7327
2138 2713
9561 3730
745 4084
2073 2024
4555 8939
1028 2806
4763 188
6231 5275
9586 5573
3987 2236
234 2771
825 9245
1005 3690
5452 5118
1198 1392
4540 658
5080 9095
4465 2695
7790 3724
4536 4330
5892 4112
1738 6054
7841 7733
1536 6743
4849 1547
1538 7249
9749 9305
9760 8680
4205 144
7933 9352
1471 3355
7275 4339
9654 3426
5593 4624
7819 940
1066 8734
6813 4636
8047 7244
1769 1152
6672 9342
3948 5318
2126 2228
4605 7455
3692 2770
8951 3634
1375 7957
7629 2618
9397 6615
9704 9334
7369 5849
980 1750
1687 4447
4572 2009
4812 4682
7717 7327
5885 9894
5288 6871
6022 8993
9451 5181
6593 6103
7406 2407
131 5207
1682 2347
8699 9818
5085 6645
3897 6303
4089 6184
6483 5461
8631 2321
5528 978
8496 9807
4283 8701
1474 4118
2511 7171
4097 1456
2020 6912
3463 5909
9344 9427
8447 5854
131 3355
1507 6522
4912 8424
6550 392
4509 9861
7361 6364
3184 7642
3110 9497
1084 3227
475 2715
8133 3733
5920 5504
9486 1316
1864 1120
7857 6964
6000 4977
1733 6022
7812 7182
77 4786
4038 339
1295 6053
5087 6575
8572 6644
8222 5506
5495 6888
5294 3094
6119 6583
6498 3670
3817 8839
3737 7650
9356 6925
5461 4941
8050 343
5835 4942
2475 6200
5712 9816
7301 4389
5295 7314
1773 755
8287 4336
9291 6235
2629 6977
8527 8827
7959 7770
3828 28
5657 5279
7899 690
2919 1386
7120 4158
1796 7299
8903 183
4516 5841
9057 9385
5579 8409
5367 9243
8251 5440
5761 6867
9652 984
962 9245
9888 1927
7122 6192
9145 4924
1034 3591
4462 4242
2809 9954
642 7466
3730 2018
38 6122
9787 9232
6862 6080
9800 1349
1788 8939
1708 841
8131 1281
2108 9134
9015 1497
2517 5135
6112 7137
3099 727
345 6464
2836 6305
491 5101
2319 1921
101 278
7389 4254
4978 3299
3604 9446
8385 8962
2724 2932
3506 3449
8783 7352
1909 273
2098 8288
9943 5024
9428 8594
6777 9511
7358 699
9218 6349
9479 5024
6512 8684
4643 3945
7044 7660
2343 8544
9580 8257
5170 797
2862 4495
7673 922
7002 863
938 9203
2154 210
3847 5990
4301 2907
119 5905
2492 9644
8378 1238
1918 5267
4964 2934
9108 4210
6334 7244
1853 818
9341 4217
9186 6925
2479 4003
8994 5435
5486 7276
8653 7033
2428 6495
6933 5354
3435 2021
8201 3376
9037 8983
4875 9231
4857 6622
192 5545
3853 2899
5441 9917
6032 4594
8684 5278
2820 349
919 81
829 9192
9848 9723
8608 7222
3044 1180
9937 4713
1344 7289
8412 3016
959 8344
9917 7539
76 2241
9260 9371
7149 485
2599 3912
5111 9949
9811 1093
7115 9441
1899 7900
8810 6494
7881 7434
7619 8720
2566 5783
707 2406
6481 126
6411 4594
8661 7743
2054 6444
8817 3614
7725 7865
3877 4144
9743 146
4121 3383
7709 8731
3136 2045
7572 8142
8860 5446
6826 1206
4651 2410
8276 6842
4291 1426
6930 4175
8173 1220
5888 1713
2420 4807
3008 8415
3392 313
3431 4365
9857 2262
7958 6150
7348 4386
345 643
5706 1805
6656 4259
1698 850
4742 1456
1925 8333
8526 2706
9637 2191
3108 3808
7878 5108
2638 7247
8168 3341
3134 1873
9252 1651
7158 7748
5691 7024
4582 5970
9680 7977
7514 536
7016 3362
4722 3447
7562 4526
6303 7532
5933 8597
3149 8757
7804 2330
6850 8218
5960 5920
5503 5222
9601 7859
7444 946
7550 315
3022 7583
8382 8721
3434 6006
3876 1735
7006 4743
9019 9913
8634 6258
1499 3343
7633 8131
7785 3748
7225 740
5610 6394
5035 492
8849 5510
4489 5511
6293 894
702 1230
1118 5866
8316 9347
9408 7967
9011 4225
3139 9776
6049 7346
8402 1505
6376 2358
3966 2608
7439 5283
6861 3931
644 4972
7752 4464
4221 1831
4450 8703
6436 4317
4007 6412
7741 1763
2602 5798
8323 3553
8056 3362
5998 7857
4806 65
9755 5017
4730 8830
9495 8359
9326 4164
1174 1649
7951 8283
1242 5760
8646 9294
6935 9436
6771 9512
3325 9653
4278 9543
3410 2647
369 4703
1100 4520
3488 6084
3633 2367
1311 9046
3501 6943
9635 9984
4002 1329
9598 9882
2897 794
3299 8784
1584 8081
3208 5823
7148 5327
1534 376
7882 4814
738 886
286 7559
4699 7479
9134 7315
321 4566
8034 4468
8258 6115
753 3005
8005 6640
9215 2425
1257 924
2913 3073
8460 1891
5484 8290
8209 4918
9313 7089
4557 6591
7941 5391
4719 5545
6379 2714
5572 8083
9680 6013
186 3898
2907 8292
6545 1522
7036 9380
2961 6855
2219 7766
3172 8228
3057 3663
63 9324
9987 874
1187 9224
4741 9425
9198 703
7802 1168
4108 6251
3150 5363
2656 5970
7215 142
8017 2010
6678 53
594 9879
7370 8313
3776 5808
3575 3594
4203 2016
5680 8961
1009 4181
7295 2291
6711 2128
631 4834
537 2939
6917 6115
5764 4791
3009 9136
9952 3690
3474 8535
5710 5676
7281 3388
3798 3121
3081 7945
7878 9757
1329 6259
889 942
7252 4641
2766 9501
4843 3463
9897 7178
7398 4419
481 5386
1746 8821
2321 1229
6354 1167
2840 284
4244 9445
614 708
3906 2264
3698 2117
8700 9668
8109 1805
5559 6456
3325 6297
8394 947
7302 9012
1207 4882
6949 986
9735 4386
4510 892
9688 7801
8800 6179
7944 2071
9031 640
8760 7793
8674 3043
3411 7830
402 5351
9882 1902
5712 4189
5907 8681
8090 8932
3995 9410
9612 6060
7262 6538
8010 3090
7144 9358
2926 9054
4530 6369
7613 1356
1562 7249
5090 1075
3591 4330
5850 7554
6399 4992
2497 6299
330 5265
7218 8826
3987 8675
101 1590
8246 9790
9484 6255
7930 3740
2801 9324
5281 7279
8355 7166
5528 8912
2812 1571
8467 6384
8427 2200
7666 1860
9283 3041
4901 7324
3091 881
499 8974
9850 8192
7692 9917
3712 5954
8679 3283
7142 6266
4717 875
6694 109
8877 8067
3503 3579
8597 6980
156 5157
5468 9051
9644 9805
8737 5699
6646 7550
6354 645
4837 950
1974 14
2854 7267
6250 6333
7991 8696
5132 5324
3249 338
9049 6560
3115 7436
925 4343
3062 9649
2131 2529
4203 4336
6454 9591
7831 1003
4443 8259
830 1552
4443 4960
9214 391
5313 68
2922 1231
1443 6584
141 5752
8864 9829
5484 5626
3771 1695
5220 8670
8307 4888
2723 9200
9627 6353
4961 2679
1909 198
2017 5963
8339 3326
8630 1723
7530 6890
7551 6091
8442 8840
6679 3211
1942 8719
9521 6235
3977 3508
2541 1977
2665 9749
6913 4801
9620 4478
1514 1970
2758 6820
2985 7242
2564 4941
1162 4248
2431 9622
9804 9853
2628 9383
5918 9151
8119 2824
5161 8243
4780 1101
9260 9499
8486 7523
1143 6689
1483 420
8113 3923
2973 6617
5143 2629
5981 2560
6884 7313
5762 3571
2925 8844
5315 9324
1455 4455
8882 5121
7535 3439
8614 7842
953 6994
6416 5513
776 4156
5853 9074
4753 2492
4259 8699
8761 8394
8362 1256
2893 8516
5233 3414
6537 673
5037 3562
4327 1583
3189 9714
6420 1841
4315 2713
3269 8403
9157 9414
7884 5805
2865 6319
4259 5900
5851 5989
6652 4534
4722 8197
9092 173
957 4758
6016 3319
2619 8030
233 9409
3334 9756
6459 384
3037 944
5915 2009
6588 3814
114 6271
3219 4904
8074 5332
6666 8163
4819 9319
4281 3035
9464 7337
9122 9292
1036 4486
5991 7587
8385 6204
7668 6733
6019 3083
407 6949
4281 493
760 2128
6839 156
3055 9367
6324 634
6440 2248
7390 8919
6445 7892
826 657
8646 487
9989 6188
1554 7743
9761 4819
8281 4397
8913 4457
5680 844
9027 9303
2195 9048
4627 7870
5439 208
5169 532
5856 1700
5236 5953
8505 5050
1673 3769
3350 2716
4180 8701
5509 810
6810 834
4555 4778
3964 6577
193 5661
6832 7789
4213 6038
1704 4764
3163 4812
4900 1175
5437 9097
9267 4043
4381 5820
5565 5821
5919 445
1030 5079
1907 4296
1674 2276
1884 2090
9624 2192
2881 926
6241 5398
3194 4733
5695 9108
3977 9765
6847 9558
370 838
1276 3073
2239 8429
2141 7904
1270 5382
1652 1312
6039 5211
9065 6726
9615 6
1282 4469
9644 7288
3632 1890
818 6603
3609 5870
6776 7502
5765 3341
7792 7170
3463 8008
56 8475
8645 1797
8503 5742
6696 1292
238 4630
8808 5343
5687 8377
7097 8024
6766 9593
2504 5323
8267 4234
5100 8072
9729 6335
5429 9065
6018 9366
3395 9797
6534 8369
735 6204
9279 3927
1283 6245
2659 1274
2560 2845
6041 4371
9996 5303
9604 9286
8376 5411
7322 2976
146 7313
3360 2499
4957 130
6282 9919
4279 4526
5213 9950
7999 1802
4450 566
2494 7694
2945 2202
4984 1236
3112 5957
7623 117
9888 5970
3617 7561
8248 3514
1586 9791
2239 6802
2362 2075
9933 2855
7000 6698
9123 2636
5099 7902
564 4264
250 5016
5328 7680
4429 9000
649 9338
1454 2866
6338 4854
2849 1451
9558 2645
7371 5151
9784 2274
5343 2720
3402 809
7308 8653
2111 6898
3628 1711
5998 9453
9473 2074
5266 6827
1080 7879
8202 6057
1707 2777
1272 7965
7522 1384
8140 9512
9652 314
2217 9269
4908 1699
552 9636
2900 1309
6086 7262
2173 1235
2379 8964
2159 3823
514 7878
1181 2889
6169 6922
7219 9873
7181 9890
7295 8249
9522 6604
8489 5749
5990 494
9370 564
7469 5476
1935 8348
1027 3979
227 4927
5418 6951
4954 8174
6445 4812
486 1719
265 342
2866 3338
5112 7187
5468 3038
411 287
866 2095
7356 2019
9179 7932
863 3834
5993 2548
7458 1146
654 5431
7827 3164
6575 8304
9828 7700
4376 9511
204 5039
9812 4160
3589 7865
5734 9754
7584 5145
3758 6214
9522 7485
8620 4705
1552 8638
3419 3188
6008 7855
6328 539
3966 5405
8746 652
1520 1529
2406 1431
5217 4138
6181 8955
1284 1456
9251 1690
3211 1211
2178 6788
4573 6185
48 7839
5283 9042
5401 7884
3243 4807
5905 473
8119 1077
7270 5805
9951 2863
6182 368
7796 5504
8416 2751
6021 4865
8270 7606
9571 6110
3117 2330
9177 6753
2906 7232
6867 99
8799 4296
8607 3946
660 2827
8881 7363
6143 7786
9666 1997
4739 8845
7658 8455
1869 8935
7341 3127
1491 5092
2179 4135
8549 1945
623 556
8730 6042
3342 4979
6262 1118
1582 3834
6044 3443
9347 6329
9359 4092
1931 3526
2900 1917
954 2796
8612 542
5346 8705
66 165
2541 7157
9488 6302
7363 4929
9573 6488
1009 6176
5825 6663
2651 4566
390 9428
1949 8917
5727 8995
2626 2833
9687 8709
6660 3459
5559 5484
5535 5215
2492 8789
3218 7915
7931 463
2291 7057
6889 8654
3225 2890
3449 6600
5121 4159
6935 4696
1735 500
2148 4776
7551 8207
6843 5504
2467 8754
3507 5816
8925 9385
2096 6132
7195 1477
5637 5878
4808 9880
2135 884
6492 5321
2789 2688
2361 1991
8913 9090
861 1583
6020 7132
6398 6439
2627 2692
7946 3669
5723 6180
7757 5815
5694 8914
8186 8430
2228 3832
8300 4248
9311 9325
66 1581
7775 9172
2510 824
3713 5897
8175 4025
3717 2721
44 3341
3598 5166
7355 743
9534 8075
6599 7082
0 1394
6858 1546
8478 6600
1915 8533
4793 5581
5684 7803
6342 3140
1794 2726
304 9691
6170 9902
8483 2057
4121 927
7634 1140
4865 6124
2683 234
3277 5745
9840 4086
571 6250
2759 3955
9436 54
2851 4958
2661 7839
5549 7858
9353 6338
3477 436
9168 6634
6116 4107
2206 279
3188 1682
6687 5611
645 608
8660 3551
6136 6213
4811 9261
623 3840
5045 4188
4564 948
3841 5333
1918 6145
3349 7864
4496 1040
4418 2076
6807 3008
134 3868
8083 1978
4079 3706
9904 242
1500 5638
3505 7046
1171 9266
4888 9913
4702 1562
3875 7729
8815 7355
2977 8718
8307 3232
1221 5712
5314 7115
9493 5302
8402 7020
3499 3629
3138 7187
2735 635
9766 9585
3190 1200
1490 3465
525 4432
1626 7526
6274 1203
4225 9666
3251 8519
3515 8676
3157 250
1065 7411
7989 8147
1219 3547
9479 5366
5063 2513
595 8979
6551 3884
4594 710
7525 2723
6055 8772
8059 8474
7815 3910
1225 8246
4095 3326
3008 223
5927 4500
3782 6687
5047 4085
6870 6052
4663 8193
7214 1971
8778 5806
7975 8367
6342 4194
5392 9463
5098 6993
5170 7670
9174 682
7587 4129
6646 1207
4070 6458
4321 1914
4323 6429
295 5381
7811 908
7861 1497
4619 2002
1981 6734
5597 6944
1721 8297
62 5208
6511 2484
1270 844
3278 9042
4831 1501
448 8363
5897 3510
8947 917
9896 6352
6123 2697
4605 9249
2787 9387
9987 4677
8854 5709
7261 7115
1804 4998
5042 8323
4558 3420
2819 3387
220 9165
4288 5252
458 6339
1331 2051
6487 8413
8838 6348
6851 1306
4670 7372
6355 4258
3722 1175
4538 2711
8993 1204
8382 6507
7448 7099
3384 8977
7680 4562
7320 2308
4208 7295
341 5216
9225 5878
1392 5888
530 6666
1475 9212
241 364
8876 2082
1215 9189
8586 4435
1706 7533
3013 684
1402 4000
2857 4285
1614 6950
5307 7514
4605 898
2615 3656
7413 2214
5737 7740
9396 5543
4720 6438
2539 6918
3478 9368
1141 9081
3164 896
6715 8648
6365 2402
9087 3536
1367 7665
1307 5997
3921 158
8289 4052
9032 6023
1618 547
1277 8863
2322 2072
7782 1951
6092 9994
9499 662
1221 2194
4439 9256
8519 1446
2804 5352
8630 4994
5500 2358
8459 8927
1555 9304
1075 6245
9358 4238
6859 8133
3730 4929
5610 1232
7301 5168
8507 7381
9362 8355
5467 9111
8477 3983
1984 8396
6307 576
5361 4154
8761 4924
7510 2962
1768 1514
3555 6974
3106 5357
1460 4417
1803 2785
1545 1364
1550 9258
3532 6673
1256 3753
5791 595
7932 3622
8198 6694
4589 4629
4031 6973
3320 8707
652 2345
1873 3803
4161 8245
7116 9962
8644 8988
6623 7217
8141 5277
237 2454
9188 2450
1507 1843
8312 9733
4708 9269
5343 1944
2043 497
7032 1389
9962 200
81 4093
2537 4896
8352 8891
9717 2517
8818 729
2497 8606
9223 4501
9179 5163
155 7205
3743 1234
6207 5300
6295 6373
8775 1553
8689 1757
387 2399
2122 9174
1807 7063
930 514
4347 1463
7930 6630
1878 4153
6787 2152
3515 8442
8034 9621
9960 4832
9524 2231
5575 3792
6012 6258
4440 1721
1504 4845
5510 2971
5730 6988
2901 3677
5636 493
6346 8920
2908 1946
2286 7621
6549 2513
9804 577
4516 6287
2490 1160
4655 6814
8264 4959
1584 4467
7793 1319
1928 6601
4388 5750
7940 3562
402 997
9053 3077
7235 7406
7735 4055
4135 2199
1808 1462
5519 4824
1775 364
3714 9566
9299 2021
1016 7538
8154 841
8209 6120
1336 5476
6574 5233
8545 1144
2720 7563
2037 14
8683 8424
3107 3519
6242 4060
6843 2704
604 1834
3306 8249
8462 1466
3277 9187
5878 6829
958 1136
8694 1096
3323 5132
55 1078
6999 185
8613 3921
7674 1007
8323 873
5676 9416
1886 5342
4201 756
7433 2263
4303 232
5944 9562
5076 4170
5018 1271
3205 2
8319 8225
8792 7185
423 9049
7114 2056
8352 663
9947 3653
7420 7534
5949 7733
357 2578
5352 1612
3719 262
3154 497
5529 6034
2272 3996
2862 6344
1493 529
5163 1145
4508 4974
81 8551
105 7400
8500 6534
3290 3099
1369 7117
6031 9648
2454 7371
4738 3160
5115 2872
7602 4174
4334 6941
4918 7541
4534 2832
7250 5523
7624 2024
3431 7656
8653 6178
8311 7775
7474 3192
4568 8269
9910 7925
7593 8969
6778 9379
9973 1951
1191 3991
1200 5629
8911 4657
4442 8785
8957 8871
7977 9332
1806 8605
3143 5263
3947 5526
8018 9277
8963 821
3939 7799
397 7774
4205 3646
2138 5387
2128 5026
4606 6265
7943 1815
2142 1334
9715 8034
7638 9362
3965 1335
4120 6918
4804 561
6830 490
60 8250
2408 4892
7571 2684
811 3278
5178 9686
5006 5391
749 1002
6162 2686
2522 55
2298 2645
1182 9823
7995 1146
3150 1635
9661 6623
3344 1360
1659 9568
9870 3968
9261 2015
4803 3908
7335 8788
6945 3320
443 9698
4395 2391
7570 6000
5405 8527
3853 2893
6608 774
8184 8396
2317 5758
8414 7531
307 8779
5752 5031
1442 4243
4227 1441
1350 3369
7139 4236
2032 1968
4817 1219
7224 1116
5236 2673
5139 4964
4483 456
121 6164
1179 3373
8621 8846
3451 9449
4878 9611
1949 6220
717 4827
4061 9662
3759 9763
8818 6754
6961 5665
1204 3524
7099 5522
8285 5341
7314 1111
5785 7309
1623 8545
7851 1139
3252 707
3283 5958
4710 665
4861 353
183 8346
8718 6589
2468 2554
1261 5739
8562 6513
1800 7489
5232 8363
3034 160
9615 4120
1085 2212
7583 5358
4606 4545
7466 6920
1381 3789
1788 6780
694 1001
992 2929
6302 9557
5549 9480
1069 9499
2940 2639
4688 716
9812 8245
624 2499
3303 1015
78 4490
3526 5807
6183 8292
1263 8156
9363 4138
9696 396
3323 511
5995 7937
2767 3067
5044 2746
5765 5886
1923 4047
2893 2209
8534 3847
9633 6118
6344 9470
2897 3233
1552 5266
9726 9478
9784 2678
1462 1950
1869 93
4740 9563
7362 1349
9986 1398
620 39
8810 4085
5204 4406
2316 7793
6324 9400
7867 4915
4360 310
8589 8124
3594 2037
3008 2381
5322 8799
4598 5622
5432 9675
3044 5802
5068 1486
3801 3032
8118 5009
6039 7628
2345 1869
2332 390
4460 2588
5862 565
8348 5385
8657 1403
3780 3116
6340 9420
9254 4273
2987 9698
6509 6474
7156 4276
7506 7072
3209 8425
5040 5310
3624 781
8487 6869
2022 4347
8561 326
9484 5953
2880 1804
863 7073
1334 4757
5010 6184
6546 1733
3753 5097
2859 3047
1851 2526
7423 1966
4829 6205
605 6996
4064 4575
5416 7620
6158 8593
1947 8269
9616 3720
1648 8212
5582 3151
9162 8393
9980 1876
8655 8611
3737 8875
4273 2126
771 3876
4952 1216
6176 7041
6591 3532
2408 6210
1753 9931
5230 2857
5085 2534
9526 292
7110 8492
1810 5664
9985 3539
3795 3010
8693 7603
1430 7875
3519 369
9630 1705
8209 3513
8494 8823
3839 1281
8426 2509
2385 243
464 6221
4591 4205
414 7412
1474 3555
5505 6131
3210 4233
8283 3976
3042 7455
1736 8575
4874 9412
4233 9439
9241 41
6265 1821
6186 9244
2331 4129
6528 2541
239 3555
6259 1092
4737 9195
3255 4732
1832 4066
2607 9632
6041 7070
1166 1953
9714 1214
4387 3064
2896 5289
6304 648
4279 4003
206 6601
2638 4812
33 6627
555 8196
4245 8633
8297 9514
6121 4418
8041 6478
5033 9178
170 1074
2108 9531
5504 2711
5187 7738
8269 4510
4796 3388
5824 8350
7711 4987
2800 1388
6000 3639
9414 136
1939 428
2620 7132
924 8701
1820 2964
3526 7874
1646 5180
4998 7262
874 5336
4822 2613
9076 8892
5214 5414
7413 837
2505 5619
4086 9230
8911 1644
9354 832
9378 2487
6820 6770
7953 2385
3808 9390
1490 9120
9373 3032
9284 9375
584 3359
6021 1369
7939 2136
7209 462
3280 1543
503 2160
7485 9862
4709 7860
1046 3138
7999 7580
7306 2839
2419 2580
9191 6564
8356 5247
2888 5579
4416 6165
7238 8926
7834 9291
9738 4789
2631 2289
7686 4886
8794 4729
4306 9128
4349 1227
2028 9790
4455 6578
1597 3031
5893 7334
876 6203
3484 9671
3800 4201
8058 8667
5367 5612
8242 9604
8352 5305
8993 8744
3520 8577
6436 7939
3711 6926
6602 9657
6031 4895
2869 1606
8937 8294
9786 7677
417 3826
6570 2601
2092 704
2304 6376
4299 9372
72 2526
5607 3660
9642 4671
1671 4992
750 5674
5183 2364
7357 7542
6435 1513
3384 3474
8439 271
902 4583
7200 4062
6194 8320
3988 6686
4538 4060
4343 95
3635 1389
7049 898
8344 6840
4398 99
9244 7189
3173 712
3295 7895
690 2796
3702 5188
1107 3880
3635 1416
8300 6378
1552 6030
6246 830
5395 1248
1037 3447
4110 695
4839 5855
7235 4223
9237 2923
6433 6910
8776 4737
8060 4787
2802 5979
1181 9440
6790 3605
636 6631
5121 8374
5623 2418
1340 6725
3112 9431
7457 2215
668 9893
9130 9454
6881 9948
8926 9771
2079 461
9553 1700
9638 9755
794 2506
1001 30
4957 5060
8578 7559
9554 3242
762 8461
5408 7003
6713 8777
7408 6828
1988 4546
6789 1475
7998 267
2606 6235
4291 5375
4113 711
9965 2995
9457 240
2954 6663
5839 7216
9595 881
4834 6777
5043 1789
7536 3845
2234 3569
4011 4856
5626 3421
8123 8403
1576 7233
2352 8815
335 6373
6192 3395
3438 2151
7007 8593
332 9307
6267 9738
8783 5450
7703 9560
6581 5988
9445 4211
8160 2084
5953 7237
1135 7442
4827 2804
9286 5683
5655 5968
5782 7278
6842 5195
1300 4059
7936 6435
1787 5523
1853 5873
9716 8558
4125 1135
4352 3996
8918 284
4562 1608
2507 6668
8017 8190
8545 4393
611 3550
9552 119
7829 1955
8031 1248
8367 2418
475 2519
8784 9873
2556 5271
673 2739
9190 9505
8080 4367
7379 767
2271 2042
5470 5689
4983 7912
8535 1292
4927 6422
7022 6609
10 2151
2651 7871
2838 2418
7017 8075
7208 7878
4954 5384
2971 4614
4300 7304
394 4831
1414 1678
6482 5554
1855 221
1080 7911
4269 2640
1536 3783
5548 7501
3935 713
4291 9616
3271 3257
9822 248
6591 30
808 749
7871 729
5471 7004
5004 9604
962 6900
6636 2394
1510 2583
5008 3684
2468 8237
7302 8003
7305 1447
2330 7863
2693 7898
2504 1662
8034 5949
2856 8204
1130 6107
5323 5117
7489 9569
2180 1423
6959 5216
4743 3434
3749 4019
1309 6590
212 1013
3731 5060
1603 929
8388 9566
5978 4590
964 5800
808 1931
3181 8441
6695 4904
2684 8146
2647 2182
7017 4560
9713 2183
266 5853
4535 3408
6875 7682
5182 3179
6348 5745
1196 714
9122 8377
6142 2908
8080 3248
3680 2229
3011 4192
7488 9264
3231 9210
9799 4664
3412 8344
7925 2544
5366 412
7791 7215
9069 4309
2003 5703
8980 7840
4487 2433
5806 5629
4471 3032
6293 7193
8418 1052
6372 5662
69 5305
4560 7341
9485 5857
4353 9833
3083 5272
9410 8996
5851 1370
6574 1568
5704 8704
8232 3614
1857 3346
6057 9809
8534 2079
4660 6645
632 409
5655 4990
4469 6709
7702 3954
1093 1846
6449 2024
7193 4557
3605 8960
2235 6583
9007 6512
6423 3977
5375 7968
2861 5446
8693 5537
3509 9856
4391 2988
5728 8594
8886 9236
6602 4490
473 2996
7002 9141
5952 7151
5665 1795
7329 8729
2763 667
1484 7747
5570 445
5761 9024
613 7005
3396 6036
7738 8533
7128 615
730 8867
6706 4038
2013 7245
1451 8218
2741 7118
8982 5927
9560 1129
5694 5873
3463 2825
4125 7203
2350 1774
2339 8238
3844 6001
8814 2963
6941 6837
5998 3960
8090 4852
5265 7516
8877 69
8777 3402
5605 9584
2802 7498
8459 2766
227 6315
7132 7221
3893 9699
1262 8361
5778 3016
5359 5392
5142 8342
6621 8079
5848 9399
710 4340
7653 6547
8335 5362
4876 8807
4884 2747
8769 8331
6856 8674
4921 1270
3286 7464
8767 5894
1751 8099
6771 5085
3663 1031
8606 9112
4947 8003
4943 4059
4382 4113
7821 7981
778 9852
6992 3676
871 8919
3695 5657
9195 4871
7162 7339
3254 4374
993 3234
4595 2724
7102 4343
107 9069
8071 314
5517 9538
5212 4280
1139 6197
1584 1100
2710 1148
2406 4501
6335 261
2166 4909
5796 4429
6105 8748
2974 6113
9258 7649
3527 9791
647 2625
3560 314
2755 265
6873 119
6600 8821
3566 8223
4615 8534
7806 5416
8745 9139
6918 9160
1856 9548
7690 3618
6522 9480
3683 9453
9728 9761
6805 768
9322 2082
6131 8732
1489 5607
2887 5191
1146 4532
1984 7232
2863 6756
7842 8958
3307 3360
4618 5059
8777 7823
4955 7404
6506 5555
6284 6237
4378 5831
7886 9670
9125 818
8427 1180
6902 1780
4304 3480
2197 6726
5286 6753
7614 3299
7040 4456
2973 2168
6602 3047
5364 4946
2547 4085
7862 3244
9133 8634
6429 1960
2552 9611
7578 6867
1669 5279
1342 1542
3515 268
5300 4623
7383 763
7888 6292
1262 4419
3244 96
824 9951
4820 6640
7711 3360
6652 1476
1486 7617
7398 1900
7300 9635
2646 793
689 6273
2967 2207
1715 4392
190 2845
5793 9994
5774 3067
7015 9595
6294 1410
1229 9259
5835 6140
3797 1502
2408 1043
3734 7212
2350 7546
908 3668
3800 2191
2847 7884
1897 6019
1837 1536
5620 5124
4263 6735
5725 8867
564 8738
90 9509
7740 1947
2873 1964
1856 3580
9001 9689
6156 5086
4990 3501
7090 4011
2269 8226
7845 168
4564 3572
3790 9887
2681 7518
475 5235
9810 9883
5665 1269
2372 9939
3605 757
140 3730
5338 202
5745 7634
1151 3716
2120 8508
4635 5458
8523 1781
6336 4710
4423 6410
7920 1564
2666 4002
8571 6128
8682 3151
3351 8607
9713 3348
530 6011
4898 1005
5845 9632
288 569
9806 7199
2626 7095
8637 585
8824 6019
7400 9345
6012 6661
2590 7493
3300 2204
6390 4389
167 1476
8143 6388
5690 9476
5358 4640
8593 6994
1583 7232
8383 3818
7258 2665
177 3450
5646 1624
108 9480
3764 6172
8894 712
3574 1546
1252 8928
8127 3255
2559 8498
7976 46
8968 1925
5688 3789
2934 4967
4814 7177
8673 8554
844 6176
4181 2454
4864 9158
194 4567
1760 3749
9059 6443
7316 7719
8338 812
6454 3326
8911 5663
4291 3144
673 5015
1297 2439
9893 8751
556 8650
3070 6445
9456 2626
7466 1005
7777 5278
1836 9556
266 5623
601 1506
1250 8657
8381 4295
5032 9345
5155 1680
2200 3950
900 7286
7077 4585
1150 8388
9965 5421
558 1050
9172 9655
4748 636
2733 7324
9687 1541
5337 4506
6726 473
2870 107
1314 6486
2607 4171
3061 9188
4617 3304
7260 4247
9404 7488
5817 7702
9387 6603
2793 8951
4027 3289
5456 7503
977 586
6781 9333
3478 2228
1607 662
9848 4498
9674 7017
4962 8271
1503 3167
7023 2543
2263 9860
5567 3968
1291 6488
5243 1187
870 215
1386 8818
1205 9110
2079 6674
6821 6790
3961 7144
3837 1133
8957 3718
7659 1058
3571 3546
2213 850
273 2492
6873 7442
5751 9392
6688 9495
2205 525
9507 8032
2138 9938
6712 4730
6610 3376
5304 8876
3596 1649
3544 6696
6708 6414
2091 3237
1680 1683
2746 7502
4071 8623
1360 6365
4262 2547
436 23
5649 9883
9119 2997
5943 67
4669 8380
8745 8480
3946 3467
702 4442
1051 836
5518 9477
9817 9477
7601 227
794 4183
9850 46
48 6645
6277 7627
2109 7976
7791 7046
3249 5762
8130 1885
2872 7868
582 7156
6175 5739
1431 742
7558 6140
9355 4184
1472 7471
3771 5556
2901 8953
54 2704
5242 4119
2780 2666
9894 3443
3264 7495
7614 1631
28 2906
6044 651
7445 9687
5911 1908
6956 8441
3124 3437
7826 8274
3934 7628
6254 4
1706 5229
8478 922
6344 8171
42 3962
6723 8369
4018 7424
128 1482
2673 5949
8994 2177
213 313
3869 3060
9734 2482
2656 6701
8989 6071
2234 7985
7542 9168
9591 1729
9031 7071
2207 1968
7706 1248
1256 3421
2787 9542
5069 7611
3058 8916
4538 9965
3490 1218
6262 6805
2256 8415
7047 3243
4153 3916
699 7267
6365 592
5103 5904
3015 2323
7918 528
3339 8703
2768 2590
8355 9321
573 7465
9146 5899
7188 3375
4044 8544
873 7068
8415 5364
7066 3441
1863 8934
5378 6413
1064 5122
9551 8201
936 6086
983 1361
9861 6153
3715 555
3043 8207
9076 2604
2829 4108
465 4506
8771 112
4506 6917
4630 946
2197 3010
709 3724
5840 5920
6525 4084
5197 1677
7139 5171
5094 7764
8790 8370
2386 1427
6255 6188
3061 6362
9015 9305
3312 6702
1246 8360
5481 1607
5705 4952
8123 4838
1210 3880
5338 4116
4958 8240
3392 1934
7617 365
5356 5890
1518 442
6501 6092
1166 7722
8878 5368
949 5390
7306 1256
8409 7752
4690 5205
7783 4553
4154 1778
3689 4357
5695 4345
2958 4891
6124 7143
4597 1373
76 5273
4318 3555
679 3072
3861 5997
1790 6184
6206 4153
9784 1990
44 2952
7208 8417
3841 798
4571 784
553 240
7877 4973
7721 4938
7559 1631
4920 1007
5852 1013
4572 294
3101 5673
2472 1709
2655 1461
3566 7340
2451 5193
4674 3760
9992 787
8650 5559
9934 8009
8607 7205
5892 3140
8934 240
3737 6399
3485 1309
649 5068
8020 7422
892 8344
8714 2018
3753 6012
1774 8690
7897 5966
4445 1889
2022 7523
3994 7211
9059 486
8471 4488
5722 6651
4924 7902
5780 3171
4650 8656
2973 6802
9209 3177
9064 381
145 2516
9384 2685
790 8540
4152 6398
7673 5879
2062 6498
4747 8747
3773 7459
6192 3475
1685 6384
291 7978
9419 1074
5529 7491
7889 8988
8263 8630
58 2474
4786 4348
33 96
2980 6663
1592 1570
7144 7348
5775 9809
7897 8963
2015 5174
7368 8421
6784 1647
4197 5895
663 9666
5074 203
6827 5845
8801 5250
5226 9248
5683 6957
269 7857
2332 9213
7845 2990
5734 4030
2490 9517
3636 1989
1093 7571
8445 5802
9766 5042
7285 6682
6187 9941
6601 6468
7642 2213
9127 261
1492 3122
8735 8380
2503 1644
3339 5164
6487 5363
2338 1750
357 5381
6330 9972
9466 2313
5314 5833
8117 8489
3553 9794
673 6461
1165 8786
7780 4793
8314 2299
7216 9062
3690 4206
6488 7451
7987 386
6784 4853
1499 6519
5862 3966
7099 9224
1695 5344
7543 5003
9698 9763
5606 5702
6139 3455
1308 255
2825 5531
3452 3558
3088 4002
9209 7374
7859 1285
9230 7726
8510 3272
5659 645
3315 1544
6333 8631
7995 2933
9180 5996
7610 4385
8744 6899
3070 751
5961 9207
3072 3144
7569 6098
6145 2800
9545 9143
2447 7327
2248 8796
4913 8769
9822 8365
3949 5935
7471 6126
4709 5206
6830 9205
4424 1139
6191 7441
1891 4639
7963 4170
2833 3914
8298 9133
260 2743
5587 5009
3938 4232
9664 9573
3237 6470
7995 5176
4272 4478
8279 2599
840 7375
5275 9977
4263 4223
5767 3096
8437 8885
2011 9608
1646 6503
1841 7024
5434 8230
9315 8968
3086 1267
120 9517
8179 1075
1671 711
5081 7265
936 7047
4290 3526
8170 6994
1267 4004
5319 5241
2924 2108
131 7873
2057 7940
9218 964
4320 5714
7875 3475
7205 8689
537 2669
6469 3419
7230 6149
1130 1606
5484 7236
728 4932
9052 4549
3373 1756
773 3605
3232 7870
1851 2978
1845 8950
3944 1285
1953 1353
731 351
4767 4619
3966 3338
7357 8528
383 6745
905 6414
6621 1556
3978 3704
8582 5159
1940 8746
8890 5923
9865 7345
3148 4596
4878 6665
1130 1226
8899 2599
8875 6213
9639 9549
1567 2083
4036 530
8046 5604
6913 9641
4448 3806
9126 2311
4741 860
6805 8961
2261 6077
260 9975
3900 2217
9202 6629
4620 326
4432 5325
5124 7327
943 3194
8659 8590
812 9782
6729 8296
1573 14
3500 673
6546 5412
5921 3528
9277 8551
2134 1495
9916 4869
232 4387
2982 8000
7927 5110
9230 5014
3645 8971
8195 9202
8789 3493
3755 5144
1271 3108
8196 2590
6313 5058
8383 5689
8858 7429
4073 118
8640 247
4361 9218
2683 2957
1545 3914
9162 7399
1114 3387
4491 5567
5861 8304
8841 6379
7476 9953
4898 977
4347 7605
9834 9773
7612 3889
7308 1554
2857 6683
6525 6388
6763 3077
1079 2908
6561 605
8976 5251
1149 4341
1726 291
4275 9585
5903 8735
6063 2514
3358 6167
6070 2107
469 1685
5232 1750
9657 5286
1211 3337
4399 7378
5409 7198
9884 7201
2586 2256
3452 5972
8860 7825
9051 7711
9382 9770
7134 1387
7816 129
4604 3734
3759 967
6053 9344
8669 1381
9700 2976
5917 9397
646 5980
6686 6486
2681 3997
5890 1943
5752 5818
9464 2286
7139 2042
6399 2298
7011 5658
6775 1511
9152 5970
4200 8423
9950 1660
534 4417
9095 8125
1182 9213
3532 8564
2766 1513
8780 5019
4618 8080
1666 9732
8499 7205
3791 3929
3715 5889
8905 2743
7641 9443
9399 7404
5281 7337
7829 7318
2424 7533
9427 4401
8043 6347
4942 7285
7785 3685
5792 760
2725 129
8791 7774
33 923
8270 4711
1068 4211
5034 6964
1480 7413
2935 3554
2519 6874
5952 7037
7047 2814
3486 2153
4471 5906
4401 7082
1318 5280
2407 9037
5478 1053
6444 6520
6559 1674
4497 7720
8037 6237
2950 3942
3188 3708
5779 8799
439 932
96 5098
5296 4303
8539 2084
7524 6150
1310 9376
2060 2573
7537 2146
5132 7779
3964 7044
7487 4135
3585 3383
737 5084
1004 3415
6736 3083
4969 7992
319 1061
9797 5567
8404 4761
9001 427
2986 4293
77 5365
9990 6559
8291 9245
7794 5882
8553 9129
9189 6949
7128 5911
9297 64
2191 8310
1976 2517
6288 8209
4925 8505
1491 2513
5446 4507
6053 5322
649 5829
7529 6698
2057 7480
4892 4328
2862 6319
2367 6690
6553 3987
7623 7087
2740 1132
5255 1495
8885 8348
238 149
3982 906
5401 9981
873 7575
5053 5622
9032 5795
8966 2111
2995 1306
3300 5609
4677 4917
4851 240
6978 6329
6738 7563
6208 8319
7023 3746
7335 8643
3124 3005
5354 4697
9303 8923
5082 6222
6547 3352
4901 1123
479 5292
7794 8808
2905 2876
5005 5336
1061 1362
3651 1669
671 2573
3312 4451
8751 532
2285 914
4385 1765
6347 4285
9477 3404
1434 5750
4936 6810
9532 2472
4715 4827
9113 4620
5925 9743
4398 9934
7424 1899
1709 4442
2767 6556
5711 8676
5260 3319
2231 8696
6507 7974
7916 7490
7796 4754
1662 886
7078 9039
954 1697
6417 3223
9185 9696
9579 8374
1764 6019
9086 5176
4507 1754
4071 8506
2332 3815
6549 8031
4711 5754
1167 4006
3763 70
8613 1527
1986 1144
7262 6265
8219 8949
5917 6956
9036 4880
587 4186
938 7485
6538 1955
2495 5488
3448 1007
7090 4840
7896 2823
8151 5580
8757 4623
406 824
1813 1276
7050 4427
9739 8728
3301 5506
4420 4828
6914 5196
4295 9761
1807 8012
4446 5429
2424 9079
5673 6343
7031 3076
5266 9403
908 1081
3831 6596
4593 9013
8601 6824
6544 2313
9443 3343
6639 544
7472 5955
3687 6614
5230 9380
2221 8585
6807 783
8349 6614
7567 553
3623 8904
33 3133
1089 4069
4505 3205
8903 4200
4964 363
9495 6781
9565 1064
5599 2456
1838 3088
6347 4111
1314 5792
4380 5786
9828 6616
521 3496
2931 9794
1703 2177
585 7128
3567 3997
1493 8911
5110 8478
5291 9859
5956 1740
1832 9252
4154 9986
4974 8432
6771 8334
8151 5159
1013 4197
2307 8805
7565 2758
9393 1838
1687 1892
4245 8766
6899 7767
5302 4037
1730 8831
7991 8251
1584 3340
4415 7313
3269 8101
4018 4585
2935 5390
7291 9500
2226 2050
9563 4335
6700 2669
343 6967
1406 719
2682 6021
6693 7756
372 2263
7197 96
982 917
6628 5468
1835 8353
5019 9391
3897 6664
3156 8945
9559 3317
8763 2478
1904 8667
886 8101
7895 2952
6089 3162
4552 5365
7910 7821
9970 9219
7742 8822
2868 9559
6068 3657
5274 4429
7645 1975
9014 95
4927 4428
8979 1034
8052 8905
9593 2328
9169 4917
5579 5700
579 1424
3422 7433
5423 2720
6887 5620
4748 740
6036 2679
9264 4589
6359 723
2492 6135
9084 7067
9129 5540
9425 5787
9213 1235
3346 7540
2047 2763
9123 7000
9791 3564
6893 3486
7119 502
1595 3831
3321 7356
7859 4946
3809 6480
8573 6797
4854 2141
2375 7462
3927 1457
6618 3775
7350 6916
4522 313
6430 492
2980 7715
6304 7113
6476 5455
2518 4263
9071 6549
5803 7810
6770 9014
1757 375
5961 4165
9355 361
141 1926
6244 6989
4452 1693
5375 9039
6992 8109
2908 6983
986 5872
5382 8128
7003 5300
6937 1063
8104 977
9752 9683
2520 5111
1235 2999
1648 9029
6152 7662
1296 5898
3238 8149
7692 186
6559 1866
3158 4389
1514 2759
9919 4085
2243 8649
3610 5117
6337 3482
1870 2141
3656 3395
758 6192
9378 5784
