6500 643
1721 1054
989 859
118 9297
394 8761
5450 1710
3003 8020
3427 3424
4072 4621
9331 4142
6866 1818
5376 1074
2640 3352
407 3441
3790 9539
7963 4620
5666 3066
6544 3255
6557 3263
2519 5428
963 6147
1253 803
2674 480
1401 8172
3001 1586
4453 3924
8411 6109
9343 8101
4240 265
3744 9758
4892 6800
3457 4744
7834 3360
833 4033
1743 7439
3752 8499
6617 4690
6802 4814
1194 7973
9982 8322
102 5967
5573 7902
537 2680
9598 6013
862 6484
7930 9738
3631 9585
2018 1527
4978 8832
8775 1908
3668 5225
1154 8775
3410 7591
8353 6655
335 9736
9509 3047
3268 6561
2728 9549
2304 8258
6278 1691
1015 310
320 304
195 587
8963 369
3475 3131
1368 4890
2364 9525
3369 2906
3067 7427
8884 6855
3597 4871
6735 2294
5525 8681
1662 9443
3375 2795
169 6963
7711 3646
8082 7315
3964 5558
2059 4650
7178 5246
2571 6852
469 824
1192 4150
5899 8523
5856 6309
1371 1355
1607 4598
5646 9622
8986 8685
5394 5218
5941 7884
6524 4048
8289 5039
2229 9860
9545 7537
3194 5490
7328 7537
3745 1765
5649 7586
9577 9610
912 9181
5816 2873
9370 951
8082 3000
3861 4668
4595 9135
301 3929
1419 7481
8088 8674
5226 8510
6260 9155
1045 5057
5346 5236
5008 3139
6994 5383
4221 8704
8995 573
2898 8992
8832 431
2370 3499
3881 2454
1450 5067
8135 2263
4619 5183
3593 2625
3515 4898
7474 6889
4469 9233
3162 2612
325 4721
1359 2555
8929 6179
2349 4188
5093 7043
4084 4310
8944 2855
8795 3441
5621 7731
5747 1124
9901 104
3439 7387
8154 7702
5372 3693
9433 6216
4124 3039
1531 8715
8395 4393
2349 163
1359 8353
1542 2791
4127 7395
7185 6467
5613 8825
3627 232
4813 1066
7537 8287
6893 3945
7850 1511
697 8720
5191 1942
823 5694
4855 3405
8519 7223
9977 9834
400 8573
4046 3592
5204 3932
2374 2667
5444 379
4558 4957
9991 4745
5808 650
9346 5472
3585 2002
8920 4987
6949 5696
9669 1108
4647 7485
54 4362
2325 3877
3354 4499
7577 6318
9867 4018
4718 126
6896 7583
8819 6782
9026 8368
4726 2927
347 4043
407 9176
4932 4556
6240 9088
4737 6497
7770 292
6473 3166
1138 7694
1655 1064
9418 6667
9894 918
108 1980
3415 1828
6479 4427
1887 4602
9747 1669
5189 7369
56 9188
4929 887
8053 9506
5615 684
6973 3588
4564 5956
3986 2982
2340 3024
7891 7029
2380 1781
9862 958
8014 1831
5483 5020
4544 8462
7331 3366
5459 3250
9109 24
7021 4648
401 3680
6712 5253
1890 788
7261 4625
8157 2327
1026 8461
2013 145
6090 9807
5092 7211
4218 2092
2088 822
4514 372
5127 837
1364 7816
1680 3330
7391 517
2662 690
6929 946
7361 4534
379 8658
9677 8420
4807 1500
6735 546
2168 4324
3166 7204
6642 5849
4363 3904
4271 7596
2753 1251
4250 1623
2319 6083
6381 8312
2734 2087
8612 5751
5917 5623
2339 1005
6022 1759
9711 106
55 6019
6494 8901
6754 1513
184 1068
1690 1882
9279 1374
9828 9856
5706 7140
4692 1251
1653 1886
6186 2402
2960 7698
6796 6260
6709 5225
7968 4261
7754 1993
2673 3465
3241 4191
1861 9613
1345 2740
3145 4130
296 7201
2544 7795
6119 1453
1826 3441
1147 3574
451 9249
1192 2670
7171 4165
9049 774
3206 9953
6999 598
27 376
2444 3898
4353 7573
1899 8990
2655 7074
8566 5602
1391 4011
476 4232
2559 9433
4396 5536
8338 6981
3621 1134
9288 9598
8574 2956
5107 9053
8247 3221
1930 9228
4691 9069
3206 5472
4645 7260
47 9009
3951 9229
3443 1405
5430 7429
4449 3456
4659 967
3253 6755
2936 8957
4517 8951
9893 8615
2470 675
7615 136
5813 1700
6523 1835
6371 3220
8842 2075
6335 7733
2709 3027
9083 7869
1267 3061
5375 8412
436 120
8502 248
8323 8716
1231 9425
5940 419
9712 3055
4510 8156
8581 4856
760 3422
7419 5522
4398 9587
1094 8166
9239 5207
8679 8453
7419 7835
1440 4606
7584 660
9325 962
959 3144
839 2837
3721 2400
3063 8298
8419 8885
3944 1287
1516 6273
1758 7096
9745 1463
3836 47
2982 5629
1545 6072
2223 4508
5062 2468
3485 1300
6700 3782
843 1182
735 6498
2948 1148
2893 3899
571 3189
2651 1485
9531 20
1727 146
6389 1475
464 145
6093 7794
4424 5206
6933 3014
5325 1975
8131 1837
5508 5639
2267 9919
5122 6356
5760 1401
6636 6254
8010 466
2573 6429
7154 5566
8774 157
1439 2699
4426 7717
8495 2820
2256 7913
9518 5243
2221 2869
5193 4018
9733 4794
4661 8944
7808 6984
8208 3428
7141 339
3420 8807
9338 8872
9895 6767
7153 6900
4921 5714
5654 4931
3568 2868
1983 69
1541 9188
6933 2978
1992 9293
9797 4856
7901 8843
7764 1654
9839 8158
4275 6605
2265 9091
3303 8197
4433 5842
6443 9131
9069 6550
9724 4509
8126 3572
4638 7206
2005 3499
6852 2669
5316 947
7853 208
8232 1160
6357 1701
5786 6386
9818 2598
2681 1138
6902 9650
6718 2499
4957 5422
1096 7825
4987 8791
1096 4365
5727 6794
7533 3041
9051 8085
2436 5096
4970 4229
401 5939
4146 6129
6196 8751
8357 4046
8330 7244
7532 8928
8174 8670
9586 5349
9967 9678
3954 7656
1641 5257
826 2464
8024 9451
3815 3547
4974 4004
3109 3288
4105 7665
7644 489
117 4404
6653 9703
1156 9366
9449 3487
671 3414
4231 1909
3641 9419
5263 5411
6380 6941
4130 2676
4143 5199
7235 3263
1263 628
3222 3466
8157 9389
3167 6391
5564 8005
2347 6711
5662 5055
5154 9431
1777 4348
3800 4561
2312 9570
2166 1685
7064 5915
9170 2109
7832 7456
1311 8151
1648 2178
2728 8057
7966 8535
2936 8523
6332 83
3113 7946
7983 6826
9489 5786
6554 4897
6854 8085
848 4219
505 9844
6400 3883
7990 6586
7211 7614
8887 8198
1791 5827
397 3493
5029 8174
3775 9000
3798 9600
3021 4554
4260 4514
7898 4695
32 4402
8331 4306
6656 6156
463 7553
6765 8266
2249 7560
5251 8521
9291 1251
9402 2783
6518 5547
9134 8122
415 3338
3020 8758
951 3324
8873 6056
7990 7387
1522 5255
183 4882
6607 8518
3408 801
6947 8018
6690 1835
3607 5595
8646 6107
8713 7884
8550 6539
9465 4502
5415 2998
7348 561
9616 4061
4042 6876
9254 2801
1713 9004
8397 2039
8231 7166
5621 4678
6655 7770
42 2900
135 7264
882 4175
4267 2924
535 1863
5202 5614
1190 6652
3509 8594
7247 9548
8582 1530
7511 3209
1145 6008
5579 4412
3452 4236
3014 7138
7622 1645
1030 356
7018 608
538 9007
3759 6350
1894 1276
8714 4105
7357 8386
5064 6791
3463 7987
5074 3951
6351 3755
8702 3127
1196 377
9123 4845
5131 9017
7293 2939
8266 5902
4536 483
9891 2819
9133 765
9353 4172
8141 2551
5910 2422
6284 7979
8183 1519
5620 9093
3317 4029
9678 8764
1762 1854
4114 2988
6533 9910
9329 3721
4182 1832
7901 8771
7623 8275
6284 5711
6093 5287
8317 5165
6186 6842
7780 2728
5487 4608
9666 2009
6278 5136
4745 9160
6291 7078
7738 6796
983 9043
1119 4286
5064 1486
6424 6613
4045 5162
4334 3137
9437 5193
1048 3245
4456 3580
9652 7320
90 394
7154 9966
3761 5092
8505 8662
3111 2302
7021 8418
7562 9703
3444 3171
3518 7441
6058 7019
5528 2306
6508 6598
1036 6417
9079 1177
5517 6104
2302 7879
3525 6049
3989 3566
3333 8059
2463 8157
8476 4846
5014 1040
7122 1223
8575 4806
261 8148
2183 1469
8375 3790
6429 6295
8234 2193
3365 1449
199 4923
8882 4724
4265 2256
3697 3146
4552 3716
4350 3289
8638 8858
6499 3528
4722 8597
4710 7640
8885 4209
105 5508
8477 3660
6080 8063
5213 6153
886 8957
456 6722
1352 9140
4190 8121
4571 5884
5997 4680
7048 9885
1821 135
3380 3262
2384 452
1324 9234
4147 5893
7792 9527
5850 2055
9614 4936
4598 2209
8834 8656
3413 3119
9154 1952
2303 9494
3110 9780
9757 7656
3665 9833
4093 3854
9831 246
6053 537
4081 70
1274 1757
9020 3589
4249 661
401 9808
7734 6724
5958 4315
2759 5342
4244 3369
2741 7633
1459 1665
9435 903
8405 6845
921 7374
458 8936
3012 1770
4831 3647
4705 7747
8860 7903
5592 1323
1674 2880
1531 5014
8949 4136
9040 1553
612 46
6129 3889
8317 256
1747 7188
4041 25
3125 5884
5063 4292
1693 263
8181 3430
9691 4217
5480 2287
8919 9757
94 2809
7561 6558
881 8612
7087 8265
8139 6436
7575 7422
457 7489
4317 8493
9302 8204
3196 844
2871 9407
539 6263
3478 1769
3066 4618
1127 8403
8158 9180
5307 9503
7476 998
2413 5115
8391 1421
6892 1697
1463 3630
3668 8485
6544 1243
5191 4929
5053 8293
5863 4488
7301 8444
5100 2362
2347 6342
7282 1268
8655 3791
1863 3768
9261 4319
7373 5889
4922 5812
8039 8852
1891 4959
8341 5320
3844 169
4940 15
359 7282
4950 8278
8363 7713
3667 2658
2925 5754
609 8454
2740 1452
3237 9372
9653 956
2613 3144
7833 6158
113 6257
7135 3455
6051 7392
9474 5805
9428 3398
4964 851
1374 3435
8767 3921
7575 5008
908 4802
6582 2924
8153 4349
3505 2610
2472 8708
9358 1629
934 3606
4802 1099
7636 6066
4782 3371
4141 9185
4386 8966
3850 3113
7239 8397
367 5312
8063 8549
6995 3507
5275 2399
7533 3954
701 4258
3287 8299
6031 1360
3731 7234
6720 8838
6397 5682
8849 4439
6660 468
1272 7171
6821 5359
8196 6516
2539 9186
7872 8191
4030 6669
133 2115
3582 8201
4794 443
3079 2729
7631 397
9827 6881
3620 137
6464 3345
5589 1428
5639 5015
7093 883
4556 2223
3199 9756
9816 5622
3104 4189
1395 313
8085 1999
6636 1463
6403 5993
2169 3425
3869 6065
1114 9887
5266 7888
1758 4300
2499 2134
5638 2530
4311 8703
1051 7151
1363 4366
4127 3693
4857 4679
4815 3896
9193 813
9695 5665
8277 291
2032 4588
3532 2138
6567 3013
91 7910
1627 7002
2116 8215
4082 6505
2916 4634
3843 1010
6300 9478
6404 9919
5678 461
6186 9472
6840 6268
9065 9792
373 9608
4801 9046
9197 5676
9025 5929
3224 8852
2488 5663
6553 5443
9126 9320
6138 8086
352 764
2108 8419
6815 7889
2015 4933
9898 2933
5698 930
834 5206
5822 7153
8895 8386
9111 5012
5345 2410
8497 7758
8546 6401
6063 5527
6741 112
596 5453
586 7384
4026 877
5552 7452
7756 2994
5728 1291
2154 3792
2423 2216
1679 241
2219 6342
8670 1935
5027 47
9657 3782
4808 3678
4721 9319
5166 1192
8094 1506
20 7042
8751 3222
6251 7085
2980 6688
5221 992
8451 6205
3650 4794
699 8533
1573 6827
3082 6339
275 8061
7989 2903
6820 5393
1867 3829
3728 1761
4443 817
4057 9534
3219 7430
2363 6693
5603 7094
4658 6805
1830 3185
1287 3455
8875 5581
1981 1864
3600 5778
2085 2738
298 4308
9095 3026
8715 3491
2035 4603
8737 8854
4445 8930
9253 4593
5714 5026
3624 7744
7811 8636
1430 2600
5200 6250
3264 3984
9531 9338
7520 2027
6733 7157
8270 3652
6915 7506
2478 7385
8781 99
724 1833
9648 6509
8724 431
4618 8092
4028 5209
327 3008
3287 5596
5703 5780
2129 444
110 6494
2158 7669
6494 799
9391 4272
8351 723
542 1369
9794 5977
8514 1994
5801 6086
444 3919
8502 4297
6932 7188
8093 9114
3411 4656
6569 5406
7596 3830
6583 4920
7715 4582
2077 7303
8626 1806
1215 3869
6031 3888
6854 3873
4180 5613
4153 9872
8160 3929
3523 398
8762 9435
3603 8982
5477 1832
6368 8145
481 1183
1199 4761
8225 6924
9832 1321
335 893
9964 9493
5557 3696
7758 1765
1174 6573
8556 9331
4435 9585
4724 5262
7400 1163
4260 8702
3684 6780
8503 2560
5260 6286
3634 3814
4290 6594
6975 473
5958 6517
1130 4280
2348 6201
9820 6767
3573 379
2805 2226
3841 6000
2714 9589
608 9194
8292 5855
5522 2963
9322 1962
2436 1768
5282 7700
2063 2702
5770 8440
6764 6171
2827 6942
2028 2746
417 6522
5099 6663
8842 6716
6090 8455
102 1949
4233 3054
2049 1797
4876 7874
6610 9729
1991 383
8185 9450
4356 9293
6658 9206
4083 4225
3741 7436
8596 24
200 4146
5462 7423
6129 2573
5100 5982
7222 8373
2503 4158
4460 7788
9873 8645
9222 9759
3077 89
668 9239
9530 4525
8989 7244
8943 3908
8212 2226
6430 2574
7379 5009
1880 6475
5545 27
4156 3345
8276 8051
3401 3079
2925 1166
2817 5935
1266 4097
2121 864
788 8868
3495 9664
7305 2238
1216 6911
9216 7614
1730 245
9474 7314
6994 5431
1404 6832
1822 3439
4088 2425
1545 7112
4786 5524
3747 7922
2848 3552
2324 6839
6102 9095
8851 2396
4281 6642
1244 5469
694 4918
1674 3479
8965 8107
3472 4229
8689 5626
9470 527
8904 5317
4188 4392
9880 7340
2101 29
6236 9787
4055 44
2062 803
8345 9377
5297 7751
878 3336
3831 5904
2546 4086
2461 6824
1839 8146
5017 2239
7334 185
7912 5928
2334 8781
9223 1611
395 8979
5043 7036
4772 4629
8599 9165
126 8121
5003 4761
945 788
7318 1653
7550 3954
1125 1122
3648 8640
158 9194
9024 3961
4934 6560
285 3362
7882 811
9759 5729
8193 8627
4323 5678
21 4157
8055 7277
5342 3025
6528 405
2556 7704
3780 3410
4339 8942
9871 2310
6566 7315
961 3896
7878 3963
9502 6160
3902 1257
3268 5767
4089 8304
2053 8176
8204 1662
646 8007
28 1705
8319 6695
9440 8936
3783 1788
6845 9208
9217 5426
1936 1503
3001 1635
5593 7761
5275 6762
6318 8715
9029 6210
2536 4276
4549 3735
4325 4626
1236 3456
4877 8402
5738 1774
3205 7370
3614 840
7093 9453
6185 7091
6309 2799
404 8941
4555 7526
5268 8071
5877 9067
902 3600
8009 1517
6368 9503
6548 9738
2410 2548
4930 4946
3584 8827
9176 6705
6340 9353
5899 4861
3790 7836
3500 6825
4758 4495
6081 894
9001 6864
7416 9027
1720 9265
1895 6577
1327 8924
8314 7542
8290 6057
6603 1712
1650 430
7270 1721
8477 7960
9752 4705
4777 9609
5552 8711
8025 3791
379 3024
5641 2530
1307 6152
7307 2644
9716 5378
219 1246
7396 1391
5016 848
3410 5820
4545 5359
5842 3129
1956 8975
3164 9845
6794 77
5551 7573
5598 596
7755 7521
6670 57
3788 358
5391 7394
828 2037
6744 188
2250 9818
1212 8026
1716 7759
4255 3810
3338 8295
1139 4069
1879 6811
4482 2762
9584 1823
5519 2793
1487 7391
2907 1715
5871 4928
3246 3700
234 5558
3005 679
947 5039
677 8394
7028 7414
7113 8652
8662 3156
8214 5018
8319 7457
8817 2644
4147 4944
1900 2408
2927 3325
9940 6300
3315 7750
7173 596
5431 6727
9633 6550
1347 3957
2480 8286
2830 8040
1939 9988
6859 2486
6763 871
6468 9384
8847 7955
6519 5781
2809 2447
9038 8606
8086 8211
372 7438
1601 9203
3177 4118
4660 9496
3970 5220
2826 9599
8119 9625
748 5792
7732 6848
4772 2484
337 6493
1205 5450
4698 2030
4597 139
6359 1766
1749 9870
3771 7972
9961 9324
4357 4628
1151 9267
5179 4199
721 3861
8518 9749
6260 2361
3590 7558
8178 9642
8153 7190
755 1085
6607 5684
8836 7553
2073 7157
2392 3420
2657 4853
5587 4049
5907 640
1182 6683
8161 1996
2874 2311
4170 2642
9005 55
7195 4497
7635 6335
2319 4889
6813 8826
4920 7494
8240 7135
6816 5085
8675 7512
1156 9054
7885 6376
526 1947
6919 8564
1350 8307
76 7834
3461 8312
9205 5695
690 7990
4898 3292
3339 1086
9182 1050
7018 3044
4531 2791
195 4693
2807 1449
4041 2654
7279 9629
993 6963
3348 9802
4081 4722
4540 9170
9572 8346
2059 3664
9400 5182
3342 1808
4261 6037
1009 8297
4467 3613
8299 8390
3326 6777
5169 1781
3187 4457
9353 2067
9692 6235
7710 9607
4111 4428
586 7144
4245 1423
2271 8187
551 1823
5088 8735
6758 79
8809 9665
2583 407
8022 2354
5124 991
9360 6400
4010 3810
5019 5935
7042 3045
4053 1184
2618 9659
6149 9752
9145 6231
1900 6918
1271 6072
1971 2352
7737 4829
2610 5625
5539 136
9130 8099
9538 6409
5857 6048
5047 412
3450 7766
6119 9284
3194 6073
6792 433
6344 6503
2701 3252
9406 4546
3683 2615
5046 8782
963 917
2053 7436
8450 6989
180 5923
9676 1071
3583 2072
6774 1421
488 6557
3563 7864
9408 1974
7973 3705
1336 7984
4927 849
1506 8743
7723 4292
2044 8475
4135 2859
1025 791
7224 1438
3400 3746
9244 9219
2210 2502
2707 4953
1100 985
8415 602
4021 9568
3963 4638
1480 5483
1162 523
6550 4613
2550 9166
3987 8197
4474 4792
7005 662
7628 9721
7583 1285
5697 2441
7566 1490
3851 6313
1724 4777
6519 3952
1579 8556
3063 7925
1772 4941
4953 6911
144 1279
7497 2648
1657 5058
7285 6199
8856 4106
1406 4666
6501 5901
2983 2546
1117 8711
2408 8522
8880 5448
7806 8409
8703 6369
1999 5561
2078 6998
620 3109
9422 5053
9209 5620
2942 7171
834 3038
2186 4817
284 1303
7414 9706
3129 6728
5100 8035
4929 6798
5335 7586
7216 3634
5358 2840
3922 9260
8346 8291
519 9331
9716 657
1622 6958
8615 4858
5690 3402
4034 4675
602 8081
9419 38
6059 7679
4665 9056
611 2250
8701 1638
8935 2708
6050 9012
1472 3878
2867 5234
4393 5912
9689 8929
2047 4489
5002 2806
4373 827
145 6602
4768 5052
4501 9077
8142 8466
8489 9914
7634 1662
6458 5118
8687 8723
6458 286
3589 5706
8048 8494
8009 7673
1784 5766
916 3638
4258 5789
16 3672
115 7043
169 5500
8417 6001
691 3058
8350 7480
3309 8049
2424 7685
6885 7593
2930 9061
9413 4215
2793 8761
8129 1032
4288 7200
8973 9519
1200 8724
7498 946
8241 3787
553 2316
6120 2073
4738 2834
3129 2056
5111 5223
803 6727
3939 3349
9380 4774
7475 6325
2182 9032
5072 5297
6156 4547
1090 4500
9895 7274
8702 251
700 5092
9414 8367
650 985
5992 1522
4679 3564
5463 2916
627 3449
5690 1551
3608 4335
4661 7674
1125 5876
213 3096
2429 9957
7174 6731
1285 1944
4738 1676
6184 1882
9036 5099
7924 7781
9056 2248
3995 6555
4055 6663
5889 8351
5017 8166
9298 4375
9815 6207
3397 6236
1696 3505
4534 2488
7455 1194
2851 3395
8391 9053
7154 4076
162 584
7985 9776
380 5485
4598 2692
5533 4849
8722 3172
5138 5871
431 8413
4709 6308
6574 3776
1054 944
2289 3196
6833 4884
5783 1087
7841 7751
6382 4322
7624 2112
3640 4292
1308 123
7200 9282
6335 3917
1645 3019
1803 9963
3060 6887
2860 9154
5664 4085
8928 3750
3624 5475
7260 5582
1382 9004
4595 4961
2970 8107
9246 6107
2900 2626
8628 9157
8147 7877
9472 2711
1810 3939
9585 43
573 8099
7176 4704
9293 7384
4121 6242
7482 9199
1341 641
405 1845
4118 9375
9539 9287
1448 7598
9431 2177
5885 8653
6445 1752
3623 5340
7990 559
6938 906
2664 3512
8188 2811
2339 871
9103 6475
2401 2120
4803 3859
6025 9637
6203 1008
4636 1813
4792 4385
7904 6362
4249 1361
9344 9484
1208 8702
9780 6963
1791 3631
3024 9300
952 6575
6111 602
5523 6455
154 3605
4716 9590
4232 4871
7415 2392
5522 5935
7975 3921
8208 5815
450 7581
4195 162
4372 1901
1416 5716
4692 1548
5168 9209
5083 6143
6341 636
2017 8750
2498 6501
8713 4451
8500 3891
6419 9063
2794 8514
2325 1375
249 8557
8995 3933
2893 5527
5857 8283
711 3864
8976 9856
1856 8081
7148 2877
9666 2671
7311 6889
9238 3598
2548 9406
3961 4466
4856 1250
695 5535
1262 760
2720 6426
6568 2976
443 5305
7376 9178
2240 465
5604 3832
2403 6951
6383 3033
9567 1130
3576 7958
788 6316
8241 9153
5100 4124
2515 6945
2475 8986
7246 7655
5680 5579
9750 6241
8587 6928
1329 235
9286 2656
1693 1421
5201 4197
6389 6454
8254 26
7180 9098
5237 9309
696 5680
257 7070
5710 8635
9769 7173
1489 3056
607 9975
2946 1000
5457 1287
9793 2645
6973 9286
4853 769
6922 1703
7746 8711
5675 3229
9860 6095
40 262
8906 4685
7210 3061
796 2800
998 2731
6781 3477
7865 6589
3970 9916
7046 4813
7405 566
9854 834
4272 7018
9810 1203
9231 8602
1104 2400
1796 6950
672 1252
45 7222
1447 4549
2416 1521
8690 9124
6929 6419
5440 6684
5958 1762
2405 9279
2021 1074
5090 43
3898 9027
8487 3249
7593 243
1483 8766
6735 3961
5414 4518
4662 7711
1372 523
1981 9197
2772 783
1604 4554
9999 4476
6432 1414
5344 7134
9861 7966
40 743
7508 750
8065 4663
5043 64
1266 8539
4044 6137
2965 6724
6479 2420
8131 773
9271 588
5343 8467
155 2718
4849 5095
9654 3587
5918 5053
3116 5255
3458 5946
8803 9766
2888 8814
8397 6437
7138 34
7097 3970
7694 5785
371 9035
3731 2001
3979 8654
4136 7083
8460 8942
2079 3471
598 1893
1709 3633
7571 280
9960 5389
5618 656
337 703
8257 4483
9207 5975
5662 5120
1578 568
1691 806
4559 5350
349 5903
8526 7755
852 635
595 7221
821 5278
926 2020
2070 5311
2534 8368
1652 499
8014 3837
3904 3913
1391 9147
4535 8247
4357 5366
3466 9961
3186 9073
3108 112
1443 644
534 8491
7509 2988
5536 19
6215 7757
4604 4331
7897 2283
7111 5887
5220 1618
8397 7909
2168 2884
104 603
3470 905
7213 4841
1708 4848
6084 8013
2291 9985
6161 3898
5099 3173
3511 9267
1000 7536
1057 2863
3044 5064
953 7611
1734 1733
3412 1665
8729 2177
80 8374
3379 6846
1420 1559
9356 2129
742 5773
3224 4341
8301 3155
1115 5326
4780 6753
3993 5922
8966 9378
6209 5442
4349 8304
1403 3718
8845 3748
9 4228
3827 2438
8688 1991
9721 8067
638 5109
1513 9314
1160 8774
8460 7949
8354 8141
6014 574
9351 5015
9433 2692
6835 5488
2704 8244
9864 4582
6187 8968
5203 9121
6607 100
9224 9612
1178 4113
2476 7865
8828 2016
3543 8302
3703 4945
7601 1675
91 3271
4463 7130
8603 4102
3597 4483
9820 1826
4547 6336
9933 3271
6186 7275
7802 2239
9997 6492
1943 276
8966 2895
5742 2627
5781 8673
6999 7778
3003 1961
9400 4920
1163 2637
1085 8093
5422 1290
3395 3968
6448 2365
7690 7650
9316 4477
4221 7804
2875 9971
2474 9623
5247 8361
4269 5808
5998 2667
5212 3882
6659 4143
8713 338
5743 6825
7681 629
9538 4347
8570 9207
4451 5537
9578 949
67 2036
3105 9645
3483 9589
2615 222
1181 7628
4482 2150
727 3231
4144 7241
4291 1757
6971 5339
8625 5117
3683 6069
4292 3617
5007 2856
9410 3250
6595 8543
7355 7277
6932 6420
4585 5319
9132 7593
6739 3725
491 3458
3181 6461
3026 7679
2923 1627
8625 8234
469 4061
9585 7730
5765 3403
4740 7369
3431 5733
5421 3182
440 4286
7914 3435
353 6794
7871 4524
1025 753
8996 3758
5138 8925
4153 8067
9267 9834
1559 2414
835 2336
2829 5393
5464 7709
9139 8036
6437 807
9554 281
5655 1097
9929 2907
5124 8281
3427 5249
6003 6666
9718 2679
2904 5543
2578 8152
4780 8377
1663 5948
1584 5233
2532 7925
8939 7450
256 6570
1948 1900
3382 7023
4628 3666
1494 3801
5881 9945
5337 7799
3203 1242
2051 2292
6076 831
5364 9439
6618 7112
3808 6508
9911 2812
3271 256
8727 1166
3880 5042
1151 7308
4593 9775
7989 3637
4109 8899
9419 7525
1604 9671
3976 9841
2631 2607
7276 1502
1827 9634
6523 901
9210 5659
4573 8225
3268 9397
7932 9126
5756 7032
3622 2
2229 5361
5124 7780
1242 2326
598 6074
8180 4550
6342 1796
9856 2338
7837 4887
8994 3591
1354 8257
5100 3215
2994 1478
3830 2755
8015 4235
4090 605
2431 7630
8293 6129
7620 7720
528 5724
3464 5525
3583 5957
8026 750
5285 1600
861 8598
9968 6443
1562 7789
6364 7431
1317 8278
3103 8265
8047 3665
4151 5304
9768 2885
9984 6364
6302 4813
4032 5568
4518 7367
5311 5128
1808 3483
4114 9942
9324 8937
6016 3946
5449 1003
3359 3865
1974 2245
1795 2968
6525 4295
7827 7118
5986 7369
4094 5320
4041 5665
4958 9938
2595 6989
2863 3557
215 3010
5078 9306
9463 526
9199 4446
4997 8415
696 5313
3549 9741
7593 2174
7230 4782
2779 6966
5226 7010
7900 4661
2559 1189
9381 5566
6214 2473
527 9541
9819 4157
881 872
5582 1579
4829 463
7233 2650
3407 1103
6777 6763
3938 7609
4222 1871
4319 8645
7216 7302
5577 5726
1350 6129
6876 2962
6568 4486
3419 1308
4163 740
5505 3578
314 1613
7243 7677
1891 3495
1008 3850
909 5372
1210 9282
2170 2830
8441 636
3255 1089
789 1178
5165 6059
2970 4766
5408 3466
7670 5992
8412 4024
2350 7841
6366 8611
5192 2323
4870 9487
2235 3765
6459 4557
3723 1160
768 2232
1305 4491
4736 7787
4406 7765
5693 4256
6036 5229
991 9472
4955 6086
5505 7148
6682 6150
7927 3513
8693 7417
8051 2685
275 8315
760 4996
3615 1592
1058 2222
6878 3225
5805 9526
7041 2957
1590 2596
3287 7796
7028 7600
3842 1266
3393 2647
6239 7630
4870 9952
2664 4181
3216 1075
9657 7246
7684 8881
4368 7121
6126 3669
3395 8724
4718 3749
7771 363
652 6072
857 9246
1502 8679
4432 2700
7976 4391
7891 6635
9828 6376
6462 1255
9132 4725
5923 5229
2790 5022
5711 9949
1788 6740
4971 4976
2872 2265
6894 2753
3831 8446
3322 5192
6661 5245
9145 3606
8046 1896
3957 798
9143 8054
4688 8506
8563 7847
1604 5924
5512 4066
2422 3564
7824 217
4703 9424
5628 9044
1730 7196
5667 9569
6779 409
3683 4760
6910 9651
5927 1249
2632 2249
1995 595
1723 4749
7590 5304
2209 7791
3478 8342
2064 8778
2661 3150
3454 9821
6618 9277
2005 491
374 8476
2191 3855
9305 6940
2508 1431
6946 1233
453 8375
5059 8734
1558 9038
4989 7245
5402 7813
9793 422
2788 8209
7331 1422
2608 6425
9315 5021
3582 581
5455 5030
1545 3625
4155 4827
6401 9956
5824 8650
841 607
238 4280
4258 6691
5634 664
4420 6530
6389 6552
3611 8888
176 2013
4795 7148
7558 9870
3379 5419
6453 2905
683 5053
3750 1026
8830 6328
4262 1664
6435 3461
6296 4353
6689 2813
9989 4333
5024 7973
5882 5154
714 5450
5064 7361
7191 3265
8004 4848
7387 7389
4351 9420
9935 9897
6335 6377
2191 8430
9499 9938
9943 3012
5325 1467
7196 9477
5830 9265
5372 140
705 8836
8215 9496
3493 113
4173 6567
9150 2120
2238 947
5183 5221
6292 4482
9709 5476
6874 162
311 3795
6327 7495
3350 5153
3836 6686
1056 3450
5240 5708
9038 8950
2888 2237
7981 1701
7899 9458
2081 2493
9364 615
1486 2592
7429 1783
1705 6467
223 888
181 9517
7413 6123
9734 7803
1041 6390
7349 8576
5598 9018
4046 62
6189 4771
2499 6121
4542 5646
7810 2128
6679 5043
4466 3467
6177 1853
5059 2981
8883 7408
9959 315
2473 8687
9870 6834
1846 7020
5956 4913
633 6425
5114 8328
7592 4157
5168 6172
3440 7718
5386 6293
2597 730
8796 4691
7106 279
1047 414
888 5009
1463 3756
645 8889
5987 1652
8165 2933
897 3749
9584 9601
8963 3059
4384 3867
8486 2838
9023 6399
1399 5018
5426 1203
3282 2343
4006 9289
2531 5945
388 6172
6560 4630
6552 8280
7405 2603
6934 6317
9944 7353
8916 4970
1350 9617
2315 1331
9757 5813
2185 9950
5636 9621
9968 6902
3884 240
1912 7810
428 2385
9130 5741
7413 5100
3370 2692
2052 9846
7804 6773
1493 9636
1769 9061
7071 3730
3757 9053
7556 4049
5312 6787
4660 6857
7799 2343
8944 4892
28 7912
9578 4329
5501 6774
3995 2137
1738 8397
5919 4196
9464 2435
1450 5733
4475 9533
72 161
5071 6397
929 6444
8864 2410
2683 6501
98 5568
9888 1657
8858 1348
2128 9187
2165 8302
4549 4939
4720 4848
6902 1360
9565 1401
1804 9264
5914 3270
8464 202
1959 7281
374 7202
1476 6582
2833 9604
7058 4263
2387 4462
418 4080
4430 4478
8415 5799
4081 297
3861 4751
7830 8332
2464 1310
2224 5495
1204 5945
2018 8912
7439 3421
4532 1274
945 6789
6954 2110
7042 9428
9327 166
426 4466
1042 4303
8598 5047
8629 8884
5661 5194
7773 907
958 8770
738 3001
3803 836
2036 4697
3033 5177
5496 2507
4394 9818
5993 5285
6427 2567
6851 4905
3521 2523
8737 564
9444 1898
1359 5780
8371 8458
1054 2536
1809 5039
527 2782
5884 2214
9981 5758
721 9781
6233 386
6784 1281
8222 7302
3621 1911
6697 8571
2638 2738
3319 6191
6597 3292
6177 7295
653 1733
6793 1727
5927 1173
3680 9198
9921 5978
184 9776
6676 6458
9348 7323
5813 8569
4587 4850
1727 1410
2253 4718
4344 1085
853 8448
9982 5161
631 499
7678 7540
6487 2889
9219 8027
7551 7797
6033 8657
9551 5170
7555 7543
4998 7851
6848 9452
9628 1758
5243 2320
4701 6669
3625 1358
4765 2163
3132 1012
8866 3724
7589 1889
7786 3102
2781 5883
5230 3964
4524 2631
7717 8714
3101 2523
2047 310
2371 4862
4300 4098
4652 7695
2548 5858
8837 3158
8537 2826
9716 2628
5710 6203
3900 1297
4554 6889
8064 4583
4684 2878
4679 2977
9761 2033
4765 860
1058 1868
5366 9090
3388 5332
7205 7547
7629 1693
1686 7156
2917 1750
822 9931
897 5474
9606 6071
198 1603
4707 3020
4167 29
1334 6395
2277 139
174 2045
8055 2568
6901 792
2157 3091
9015 3687
5515 701
457 8241
6770 8397
843 3650
839 8724
1524 1861
6665 2057
3788 2678
1760 6979
1406 4977
8381 4432
6758 3095
7299 9487
6356 1329
2866 5993
6920 4104
1752 400
673 5633
74 8351
2808 9568
8572 7863
9963 1859
3783 9477
7402 4228
5951 3314
5962 7841
7307 4815
2926 6887
7914 4120
4472 1495
3727 7242
7257 3615
896 6942
2605 4302
8477 6994
5349 8661
3328 3670
1835 6811
530 1735
3584 8854
791 2378
2818 2173
2112 588
7441 8914
5996 8265
5383 1104
4655 8730
4261 4553
9977 2082
1181 2940
715 3849
7986 9900
7021 9722
2768 4565
8538 8548
7933 1235
7030 8022
8574 1353
671 7664
4654 204
4773 8244
2375 8334
2184 7662
1654 7848
7107 2824
1178 9531
5614 7219
7658 5930
9671 4131
971 6667
1296 5503
4778 3037
5315 5678
6200 8861
9810 4117
721 2892
1873 2004
8806 1798
6954 9701
6014 877
52 6841
1416 5690
8323 9694
5203 9720
9834 8740
9563 8075
5581 3550
7856 9347
6877 1018
9141 1652
2204 2405
510 6268
6285 5991
3303 4958
3283 6488
2364 2026
8173 9189
1509 2901
896 8911
9498 6632
5329 105
1527 590
430 6787
3780 1326
9411 8435
7611 3037
520 9024
2478 3936
3741 7284
9518 6507
22 44
3502 3925
5322 824
5814 991
649 9447
289 6260
1467 7346
5990 4372
3144 2088
6323 1824
7564 2060
2753 1851
3786 7216
1632 5262
5357 8291
4297 3402
8839 6270
312 673
691 9152
5582 8035
3877 9510
3811 3998
344 8588
9408 5389
2464 1303
1747 2946
5693 2914
4520 9351
2827 8111
5480 4966
2469 7526
2483 1709
3824 4366
8634 9230
8111 4368
5800 7101
7414 2381
7804 4616
2975 8456
9480 7339
2465 7679
7435 1262
1591 7686
846 273
2172 9284
3298 7773
4025 8504
9555 9798
6155 9559
9007 7114
5380 3815
309 9111
7474 8445
6702 6666
6392 8550
3720 572
8538 10
1022 6674
653 991
5788 256
9458 9875
5261 3463
9316 37
6432 5909
6225 7599
4414 182
4306 7637
8814 5048
4986 1858
8968 3056
7917 9287
8062 885
4794 1974
7124 569
3513 5710
172 4031
541 7493
5628 6251
9491 208
6512 5447
3913 2236
5629 8363
8152 3811
4824 8345
1706 524
3690 6084
5405 1461
7226 7582
4570 2852
1075 127
6448 6816
9743 9312
4307 7907
3715 9177
2924 6331
7819 9930
9383 1566
4610 8656
1282 8419
4224 5211
242 6707
7609 3206
802 3474
5872 585
7378 5715
499 9943
5339 9996
8135 8836
1089 1764
999 9463
9106 2885
785 6411
8131 6133
5983 4346
3710 7902
2616 5274
2599 3863
3832 5912
6510 1731
4265 3195
1863 887
802 7306
4065 6852
7587 8241
6830 2342
6234 5182
2645 9181
5993 9947
99 181
6639 7223
1875 5071
141 8348
881 5205
2937 848
3297 76
8355 396
730 2390
9196 7734
8403 8482
6211 4496
4533 7313
6257 9893
9003 1954
9809 7727
1141 6016
3954 5311
9364 6866
6352 8916
9865 867
7035 8937
6030 2855
7828 319
3893 766
5697 1722
5915 8035
100 417
8381 3579
2235 9967
5426 9666
9568 7971
4875 610
6449 6452
983 4261
2262 6050
2309 4971
3345 3433
6386 6630
1126 6485
7146 8795
477 8346
3235 6445
7556 2863
7497 9749
3639 5658
1712 9252
609 4740
444 3607
4094 1557
2781 3793
2115 6852
3052 9631
1873 1934
7755 7825
2669 3996
3844 9436
7292 886
2571 2062
9320 264
6958 509
136 5838
1930 1764
7519 569
3428 9550
6184 7502
164 6561
6517 4330
5043 8521
1038 9436
1651 5936
3238 9908
9541 8602
6730 7753
8200 6346
9459 9450
868 3934
7784 7594
4797 8022
9364 8897
6235 2708
4728 4574
8249 1744
8634 3039
7923 9914
8239 6882
3724 413
1152 8833
5628 9317
7065 5318
9112 6408
5163 1159
7378 377
9207 8708
9171 9112
9478 7618
7547 3349
3165 5595
4421 2018
6616 5969
9747 8882
3845 1917
9074 7552
1708 1711
4114 1514
9691 9668
6888 1929
1387 6536
7026 1619
52 2457
1347 2821
9012 7372
3813 9285
3804 1509
1186 6938
1170 4965
2030 9915
921 4361
8150 6128
1917 3175
1380 289
6268 7808
8732 2857
7368 1046
4992 1543
5148 6646
2348 6874
8300 4648
2292 100
150 8213
6540 8969
9288 1744
6092 7795
3053 8159
3332 1970
5639 5682
972 8606
9871 784
9058 4209
1255 4941
2976 1540
6079 5362
3338 4486
3002 1247
8720 9384
561 6931
5272 5681
6666 9378
2161 6101
8222 8625
9733 1737
6765 1715
9468 9599
1565 4744
4971 3475
973 6822
1667 1427
8357 2657
2452 3937
1101 7475
2729 8775
6973 9849
4074 6153
7231 56
6825 7122
4306 8919
8805 8571
9903 8334
3603 7578
3925 1386
5231 3487
7567 6895
9589 5842
2820 5019
4111 4433
7918 8007
5046 7602
9829 5977
1015 8018
6303 9704
4898 2374
7518 1837
9495 2243
7630 1929
9850 2549
3611 8147
8714 7987
4842 7048
7691 243
8506 8813
6087 3749
3298 4207
9791 3554
8514 1703
8248 9789
45 3942
9929 7622
4834 6550
1216 2924
4721 6166
1842 8751
3928 6731
8382 1201
1987 9022
1508 7686
6962 7342
3882 8091
7267 6292
8976 5768
1741 3467
9299 4626
7550 9363
4818 493
4722 1749
2443 2085
6748 309
5142 5413
7100 1257
9506 5032
1357 1612
2533 1408
2775 5143
6062 1735
6537 6680
744 601
4087 3950
2631 895
3376 8301
5876 3031
112 6478
2874 4920
2582 7880
2090 4658
3357 7227
9972 6564
9468 7210
7955 4130
4549 4147
5 3775
1235 2668
7269 9009
2470 2806
9618 8568
8159 8545
1724 3445
8892 2599
7620 7032
3638 2600
9230 551
813 8334
5836 7330
9550 6946
6620 8137
456 517
6173 2559
2853 9330
2072 6410
7064 9880
3545 4260
9016 4890
3470 2761
721 2991
138 7630
1570 2283
4346 312
9481 9230
9730 8784
2699 4424
7384 5814
4496 4532
1785 1301
8254 9238
9013 5311
192 6989
2954 1166
251 8191
2800 7293
269 3869
3679 1196
5772 7107
5359 7742
6338 2268
6722 5192
9026 5395
2835 2793
7575 6581
6888 3215
558 55
3279 917
8142 641
5604 4233
635 8373
8381 669
6807 1607
4295 7338
3341 9284
8838 5979
8080 19
6184 1709
970 6000
6638 8664
2172 1201
9404 2565
1692 6052
2491 1702
4110 6370
7861 4907
6442 3397
3477 3518
7369 6629
6172 4271
8346 1419
973 5615
8217 4496
300 4252
2646 91
1795 4114
3693 1845
9787 2201
8073 2468
6978 6627
278 3924
9461 5845
1761 4223
1964 9347
3507 5643
8775 7441
1477 5224
1619 6206
4681 5733
4020 5174
7059 315
5221 8054
9732 716
1003 3131
2361 8898
7441 7732
4707 4817
306 3976
502 6493
9407 5218
7713 6767
3807 1686
5872 206
2309 2349
144 7000
3807 7414
5349 3287
4291 4310
8229 9544
5744 3060
5661 3150
5491 259
3054 1386
8634 2311
7351 2113
9735 132
2817 2439
3010 4696
4246 3072
5929 5050
948 8222
7802 3929
79 9161
7330 1151
1203 4733
4813 8326
3286 1795
4827 6723
6856 7879
9256 1918
6025 8159
1638 2156
1449 1596
2112 3756
70 4771
434 1720
4512 6832
1544 7370
5046 9280
2346 9325
5186 9353
6050 7692
2670 3150
9090 383
5733 154
1437 2703
5714 7080
5121 4112
8685 8930
6990 2519
3387 6970
6477 7716
5270 2599
5547 2818
3359 5601
4927 6372
2975 204
6778 7677
7456 3556
7908 8015
9643 5199
4496 1791
5339 586
3906 2854
2559 969
3651 283
8053 6825
5956 6605
1237 4011
2025 4699
6590 8820
5288 1154
8899 2996
8196 8040
6157 2147
4918 5410
8975 5479
8266 9331
2635 5229
1449 4233
7084 4984
1220 5991
5992 4113
4277 5218
292 9168
3810 2104
9839 1592
9863 1859
1966 4957
2132 2661
4897 47
2349 1087
3709 6658
9100 685
1869 5147
343 5697
6733 1119
3697 3667
4136 1480
4371 2212
4298 273
7217 5791
1096 6078
8268 7482
9241 8166
8133 4425
9299 6386
1076 4805
8759 8859
6073 4839
1483 4056
2895 5648
3286 9115
3796 7471
367 9026
2290 9864
7401 5296
6826 6160
4814 4751
6299 6967
9578 6864
9431 4824
8296 9696
3926 6267
577 4676
8843 1593
4383 4886
5170 5639
5158 3365
7637 4377
5684 7301
1588 7303
3 4118
4048 2501
3844 6586
9592 783
234 7559
306 1416
8534 2441
3037 1172
3192 4705
2588 8747
4181 2630
2895 6331
5350 6119
5197 9725
1900 6117
3818 6580
6611 4050
1580 1284
3372 7605
4489 2396
1476 3545
347 9994
1337 8702
5567 5305
5448 8145
6409 1280
1139 681
6668 5732
1009 9692
7648 3949
8009 5554
6246 7306
5713 411
3541 2809
7476 1191
5656 2381
3394 1984
1970 2523
5014 462
2891 3524
1726 9065
9922 4759
6948 1785
4443 7522
2303 6574
6518 3872
6754 4376
9434 8709
6230 1008
7203 5274
2117 8825
8756 3006
9446 5992
7058 1903
770 7442
6667 1030
4379 4858
1794 4876
3646 4659
7951 5923
529 3460
7003 9587
2914 2779
5748 3712
9086 8027
9333 3766
616 8413
8518 538
9613 3491
6655 1366
1260 3289
2575 5801
9383 8356
6823 6365
7722 7435
8614 9728
8968 4176
2915 5678
7808 8675
9079 2898
5878 886
6473 3107
2666 9556
7469 3198
8171 8108
2810 4486
8398 5807
3547 2188
6644 156
1477 5992
4335 8505
6189 7385
5720 1042
595 2809
360 1989
2721 2347
7990 9876
3935 5650
767 4207
9803 4649
2914 282
4156 9257
4950 5500
9430 8609
6872 5977
3892 4446
1929 6224
3416 1426
1171 6195
7439 8408
6075 6667
3251 1137
8132 7840
9850 1109
1883 7950
3493 5439
4065 1504
6925 3648
1631 8928
4425 7543
6413 7886
3847 6826
2087 5352
5814 7997
1445 2219
4959 5814
3648 7519
8134 3047
1957 6560
183 5993
8127 2780
9548 669
4994 4958
6752 5787
8227 6803
149 9810
7227 3470
2324 5396
343 7441
4692 2543
3225 5033
5174 9082
7996 6304
9685 7323
9859 2376
1160 4669
6656 9115
583 2452
4678 6835
8470 7330
8987 8606
6157 4472
4938 7668
8980 9687
9723 8450
1819 3730
5 5652
7664 8471
2263 9394
7484 1635
6195 4176
8500 7981
2335 9971
2936 3319
8646 9689
3949 1021
8080 4547
5454 61
3989 4912
1556 5396
4602 3182
2469 3614
8959 5712
974 8141
6129 3907
3938 3780
7278 8855
5433 5758
1494 2481
6712 5527
4468 5592
2927 8561
817 5324
434 2037
9739 4864
8961 4733
6653 4184
7520 3475
2007 7855
586 9185
5244 4325
1384 5105
1950 919
3065 7519
9878 489
170 5755
5908 2707
1706 8128
7855 7124
675 726
9233 6539
147 5590
5826 4740
2754 6778
2513 8957
2157 3169
2055 2044
6505 8154
7209 4588
6 7967
7172 8718
2322 1310
6389 6241
7369 1895
7496 8654
5997 6725
8069 4565
6969 9689
8839 1916
5254 835
6200 1148
908 5453
1448 1094
6515 6550
6887 1462
7329 8766
757 7437
5799 1588
550 2711
4058 8181
5891 4187
2490 6433
7202 7807
2589 4380
111 6042
379 1720
4511 408
7103 4396
6397 312
2470 936
6697 8591
1683 1803
1140 1623
5344 426
5323 5632
4555 1836
5859 7648
5872 1733
1499 2983
4735 8124
2623 7668
2608 8878
2081 2883
3695 4069
436 2524
2280 8129
294 1909
71 2065
9446 3026
1036 3620
1054 1204
7510 215
802 5389
2142 663
3548 5110
6584 9749
760 8895
1865 1453
6566 1297
4449 4183
8587 524
6992 9061
8937 2242
4812 7647
4156 4845
1722 96
817 5920
7201 6525
1127 2144
2339 523
4023 8543
4321 6020
1739 9743
4358 5731
3473 3336
9274 2130
6140 6356
9742 9108
3870 2895
4345 172
3216 1497
4970 7430
5974 8266
9893 9300
514 4710
6147 4444
3058 4269
8444 808
8471 4005
5443 6838
183 9696
8418 9980
3561 7411
6164 964
1400 3754
9885 2256
6107 2703
9611 6184
9671 6291
9227 5304
824 7572
5783 6387
6412 2417
5808 6362
8613 5180
9008 5433
3346 9874
9699 1229
8073 581
9190 3705
524 9786
9692 1841
1994 7914
3108 998
6868 8495
9205 5489
2075 6078
8379 3148
2743 891
3068 6913
6521 197
8842 928
277 2207
5363 2067
6075 5405
101 5461
4455 6637
295 3446
7789 247
2503 633
613 8364
5288 5819
7806 7339
1929 7446
9848 4632
6268 214
1295 4515
6344 2598
9273 4289
6328 1301
7333 8541
1425 4460
923 2562
9646 841
8468 5738
8297 3344
6 9504
2765 769
5274 9665
3825 6476
8857 6185
9010 9804
5714 4805
7785 7838
4145 3890
391 7192
8122 9399
8860 3964
3079 9395
8672 1858
8426 9509
8769 6454
5621 3571
6687 1839
8598 8696
7027 8094
2214 3809
4467 9523
5370 4701
7391 8975
6615 4281
6439 7717
146 3747
9302 5676
3013 5887
1524 8499
7192 3703
8812 5453
9998 3562
4840 6002
5548 1640
5679 565
977 4874
4213 5519
8616 1522
7423 4857
382 4559
6398 5216
9550 1782
8265 7218
4829 8604
4552 9652
4630 2269
4933 2130
6877 2742
8019 3741
768 4209
9785 9996
3162 1071
8787 6120
8250 8057
7836 6636
8651 8978
2298 7745
9314 4607
7152 4437
4919 4650
2389 7492
6061 8089
556 4923
7302 9642
2062 2322
9873 5149
6244 8496
4114 9505
2137 565
3515 5433
3628 7295
4612 7605
3769 5641
5760 2248
3698 5756
2586 14
6551 1132
4247 8562
4428 7011
3091 1080
475 4461
6366 1650
5607 2441
1510 5539
9733 9563
2722 8349
2762 8482
3673 1641
8219 1820
6636 3175
3416 8459
2490 1283
4158 8496
9159 3088
9296 9904
2522 2360
5203 2035
5282 6529
9891 2022
6521 203
9519 843
3343 8697
1683 2504
3039 76
5262 3305
6493 6338
1945 9388
8992 1874
1137 436
2713 857
6692 3539
6541 6829
3876 8510
4119 4287
3011 2862
56 9471
650 6700
4945 1622
9816 219
7184 3896
7791 4322
6542 1594
1832 6117
8089 3589
2468 3258
7841 5541
811 8407
4403 8002
27 4172
6963 4242
2326 2169
3930 1151
6167 1628
6856 1469
6694 4435
2585 9610
8223 4500
2051 1001
5865 5302
8916 3774
5076 2491
6362 9886
6730 3384
6611 3702
5581 3114
8860 2794
3031 9993
5804 8330
993 3881
118 9173
4709 1405
7869 8006
6942 2107
849 5755
6403 6908
2727 429
1753 4649
2810 4622
6606 2900
3398 8618
4694 8603
6492 5902
8493 6402
2413 2285
1060 9071
2466 9045
4514 2281
385 1216
8416 7360
1031 3160
2839 1617
5326 1333
4088 4617
4322 2394
2162 9966
791 5247
7736 2790
6811 9959
9858 7618
6957 8311
8757 6400
8674 1117
3004 120
9755 8643
6625 7191
9255 1302
7843 1080
6415 7714
2938 5968
4215 409
1179 5978
50 7475
9367 62
2702 7892
1358 7928
5413 9159
8473 369
3613 7867
7774 5554
5833 4517
530 9685
8046 4732
9995 5573
8198 78
8013 2989
9150 7477
7835 3479
8155 7377
7348 6691
2438 3974
8370 8881
3500 1696
2462 8354
3822 3588
5900 5287
8849 4586
7395 9006
8632 2506
5947 8996
1982 6487
9973 1839
8393 251
6938 676
4041 3830
9785 7819
1865 7479
1026 3778
1660 6080
4940 7582
4542 109
3720 8060
9972 2861
2635 9996
4656 2842
6119 9124
8108 4385
332 5455
5146 2817
9435 4830
4218 5791
8396 602
6336 3234
3095 3131
3212 5092
2036 2949
6651 7135
7953 4548
7396 5541
8978 1150
9887 6206
3683 6915
9535 1423
166 8212
8769 61
6162 2086
7752 5352
4762 5267
695 734
4419 8072
1352 3826
8985 3102
6576 7172
4261 3571
5560 1517
498 111
1357 8887
9165 8178
3662 6554
6474 1344
1907 5865
1410 988
1068 2559
8925 4901
5701 5564
1778 5508
2834 1513
8791 9964
9836 8519
1430 2378
6004 4124
4404 3936
8956 7019
2226 2646
625 5066
5366 5460
9635 2819
9353 1559
8504 9999
2192 4274
1591 3177
5430 8621
5922 5758
4413 1621
7242 4913
3582 9794
3065 6153
5157 986
4458 1220
7872 915
149 7061
5718 3781
2572 7517
5896 8968
6801 4599
4419 7450
1056 7613
4223 1772
6961 3987
9607 6326
7310 8386
5896 6501
5783 8511
7729 4691
9075 7231
5013 7728
8123 4674
4513 5588
1720 1139
932 4264
2649 7019
1079 4968
7119 3771
8782 6257
463 3961
4482 1515
2807 2294
4148 3236
655 8177
1175 1632
7618 399
1948 9804
2737 852
282 2540
2624 8169
9244 8778
5431 1354
5601 8154
3426 7118
5267 4743
4210 2370
9534 339
8382 4622
6723 1922
9655 322
8852 4997
4666 6854
373 5625
303 974
6921 3494
4543 2562
852 8008
199 6258
4422 3551
5565 950
1235 5508
4301 6391
9060 4816
5548 5367
8995 6802
508 4714
7967 7008
9782 8686
9139 7390
198 1995
9011 8593
4880 3002
1660 3193
4338 1940
9935 2053
3592 1557
8766 8638
4159 9856
7357 4358
2679 622
4124 4226
86 6774
830 1264
7471 6330
2611 4484
7635 4509
6007 4959
1064 5210
2656 5119
3127 3508
1888 8208
6948 9087
8851 3520
7553 4029
2366 3683
9064 2394
9177 9906
2245 519
7990 7121
7426 8517
48 9162
6232 2693
4337 435
9697 8208
4683 6863
5740 8333
3507 1393
1124 332
6830 1042
8809 8809
806 3733
762 3438
6236 316
2585 5569
8053 5180
5721 6216
4854 7628
8065 2394
7782 8709
8752 772
6662 3575
6251 5235
9998 2283
405 5572
7275 888
8975 575
9377 3533
9222 693
3876 497
6848 9071
4403 4711
8304 9801
2553 9550
5891 3372
2217 9231
4926 5423
4298 9941
7060 9880
2754 2059
8221 9965
5755 7195
6388 9754
9683 2121
5247 46
953 8226
1082 8575
682 2717
3505 6017
7469 917
6017 3209
7307 7269
7699 8731
7954 7072
5438 1152
2798 2530
3938 4676
3135 1832
2041 3924
645 7342
8695 7032
3750 9652
8020 7345
5618 395
6561 6713
7493 2490
224 9046
728 3925
893 8570
6376 563
3518 4006
4303 4055
1221 3758
4718 9500
7421 8340
521 8376
4161 6837
8816 9431
6829 9921
7941 776
7009 6944
7082 4018
1786 3430
5543 1944
9184 4694
8974 6104
7061 9738
9057 1411
950 5883
2085 6887
2501 1703
7802 7382
7355 780
1141 3204
9832 427
2714 5863
632 3655
6981 3125
6248 2011
733 4566
2603 5118
6839 2775
9720 167
1538 4788
1295 9532
5094 9103
1650 5807
3755 7097
4471 4042
8559 9325
5899 3616
8909 9360
8586 3921
8120 2882
5089 1073
2357 1861
5027 5964
8813 866
5661 7265
2359 4722
9803 1858
6484 6977
905 4549
4058 1987
2672 3121
4067 8471
9064 9129
1022 2261
3761 298
9841 1176
9249 4122
8606 4361
7471 5390
2462 7882
6689 5027
8486 4903
9572 7987
8750 5799
6130 1715
6955 4091
5257 4334
4905 2053
5029 5805
4232 3963
7144 6563
9550 9918
6753 7157
4781 3409
5168 8480
6130 4271
2186 9703
7021 4978
8891 5651
5777 8978
4451 3480
389 1639
4545 3595
6670 7546
5244 17
9390 9235
7456 542
6628 6811
2908 7035
6211 921
9782 1732
938 7767
2333 8395
9825 8821
4461 7249
8555 6684
3908 1561
6181 3708
897 2626
7391 2851
6810 8272
358 5717
1743 7040
5493 9870
7212 655
8345 1157
9029 9055
1010 6213
5252 3887
8493 1378
6388 2260
4268 7134
2507 6305
9452 5375
6695 5014
5060 7170
9231 3103
5488 3960
9942 7388
4613 6738
9857 2089
6947 4963
8321 9725
9712 7058
32 222
2535 6334
4599 2867
9860 9501
8716 383
1580 3556
1240 4971
1282 109
7438 234
4990 3639
6958 846
4208 8125
5975 7467
9615 2577
3888 7008
3692 2233
1602 4234
9711 860
7534 298
7252 6127
2111 1851
3531 8579
2547 8448
3870 8875
4225 8369
3694 8080
1785 1058
8003 4742
3628 7261
6362 4038
7510 8692
1802 5213
8645 7956
8680 5442
4134 4902
9304 7122
5401 4257
3274 3728
9068 5047
485 4497
8155 489
1117 9593
9131 5939
7998 9793
8548 9681
4530 2922
2659 9410
5492 8397
5048 9859
452 626
8116 2173
1341 8628
1611 4481
734 1400
3115 7911
303 6449
4517 9812
6367 5635
7500 1847
2542 8836
4085 24
3195 8593
4633 3657
7177 2771
1646 1523
3082 1200
3937 6013
1637 5432
3335 2940
6664 2509
8773 2547
6426 3883
6913 2832
768 7744
4005 9307
9307 4358
7460 5513
5860 7910
5460 7859
1918 2106
3797 1133
483 5381
8611 2572
728 8452
1594 4503
6845 3164
9221 7653
6176 4178
7214 2008
4149 5953
8361 9545
1009 7643
5618 6341
5246 9539
1727 9975
4700 9999
1116 516
391 972
646 2028
5751 5171
5793 5283
7031 4708
347 804
2596 3403
9926 7326
7756 934
2707 5149
8524 639
9126 7516
4576 8573
1044 1956
5275 2339
3926 8866
2606 4472
2070 924
3806 9726
3344 9417
3775 8207
4536 9167
1673 2346
7758 6773
7435 3918
8111 4857
9822 4756
1704 4721
2302 2594
5424 3561
4757 9097
5962 483
1451 3731
9996 4665
3795 28
6978 8236
4241 2725
1163 8708
109 2001
8600 5725
3713 5146
9691 5558
2620 982
4692 8123
8754 588
1353 7186
9379 3828
665 2494
5903 3282
8911 6507
3995 5678
8030 7511
9559 2867
5862 2787
9777 5401
4951 9113
7820 7652
8236 6390
2114 4997
7250 4622
1665 9468
233 5478
3523 1232
5897 9466
681 3479
3061 5639
475 1425
3786 4296
219 8870
42 7587
3995 6852
7778 8342
5745 210
317 3273
2421 7337
9733 6091
660 2645
2619 7638
5939 571
6472 6479
2970 4302
6349 4436
2701 151
9595 4572
9154 1025
6805 3517
8490 4968
113 5183
8982 5456
6405 5429
4713 2773
109 7005
4231 4170
3532 1295
3580 8937
4012 5619
7945 9928
3282 7436
2346 9112
2091 9500
9910 8313
9730 9463
5785 6036
2752 3738
8977 5832
3839 4907
3073 8916
7159 8050
8602 7913
7071 686
4871 6966
3931 3141
7586 99
8865 3340
3203 452
6729 5722
9338 6634
7204 5681
5824 3379
6673 9984
1523 4387
96 4004
4743 5528
8769 9785
7304 6565
3780 9479
3227 7944
9381 4275
6926 5658
8013 3821
1583 9682
8207 7195
4934 9369
8224 8661
9411 5296
5055 1862
4834 6036
4513 1492
237 4578
2043 4761
1364 408
3672 9677
3809 9400
6146 6961
1677 4897
2686 920
6160 9005
1855 686
1883 3835
135 3431
2367 1562
2533 7200
5789 8331
5353 9947
201 9547
1840 1920
9791 5713
9516 5690
3234 167
9405 7128
736 6781
7389 4197
458 4428
5603 1985
5347 7573
5952 3805
9428 8769
9471 9630
2322 3940
7644 2064
1566 9224
66 4549
6013 5701
6076 1445
5372 8904
5912 6861
131 2351
3913 3761
5529 5653
4263 9363
5034 614
2891 2318
1025 2250
8214 5874
4164 5489
6639 2042
6686 9300
6671 6974
323 3717
5259 873
3606 827
7514 9208
5770 194
1745 7293
162 6772
1087 9524
5529 5552
3296 9411
2551 9817
5357 6505
8839 2495
7205 582
6873 1606
5408 245
1908 21
2917 3999
104 7945
2602 6848
7473 2549
7427 2078
5757 7240
6463 2962
7179 5562
9046 4138
6782 902
4781 397
8954 6483
7129 5525
442 2546
4275 9734
1761 5104
9790 8141
6894 3566
752 6667
7911 2058
5986 6215
2213 7438
9501 8037
1054 3608
92 851
458 2119
265 5461
2317 4602
9952 8107
3480 9211
3428 2841
7869 8691
5992 7145
5445 2671
3744 1674
2307 4277
9883 1583
4573 9305
1792 1410
5861 8745
3670 8904
7302 7030
4948 1624
7091 2184
5475 9936
7185 9292
6309 7950
6352 5496
6519 5959
879 6391
6945 6053
9506 5375
4837 123
3721 5021
9908 1653
220 4532
3775 9092
8743 95
9520 987
2881 7203
7703 5307
5713 6951
2238 7443
6604 7541
8950 8133
4307 5042
1440 8003
2096 1029
5946 9987
390 3695
224 7814
2783 8959
6598 2095
2452 8798
9236 2136
7272 8496
6192 2460
6947 1074
361 8842
3713 6119
9990 8592
8233 1319
1415 3312
7866 9167
5852 1058
1312 6072
1724 4600
1857 8692
2872 9327
5224 9014
9229 6154
8078 1903
5117 8158
5894 4731
9108 2893
7536 1861
8705 5888
8862 2937
1571 7586
84 1445
44 4226
2438 7482
5245 1833
2408 9099
912 2308
1353 9098
309 1964
3832 4777
7715 1937
1788 8406
1600 4763
176 9797
9810 6580
7677 4587
4915 8841
6905 6122
1244 1092
843 1526
7995 1185
4166 5529
2577 6242
4812 1147
4739 4299
8676 186
2781 2397
3968 6728
5236 1820
6606 1141
9377 1404
5853 2520
937 8573
4717 3890
8352 2408
3858 7375
2380 2317
4199 8284
4701 7477
693 3067
3416 336
8924 2005
4260 5703
2278 6040
8411 1419
8022 597
1384 3658
1778 2394
1777 6601
1053 1651
3242 8621
3535 8852
5586 176
1816 5086
4032 621
3686 701
350 1019
4312 9346
11 1374
2995 97
3693 6318
9880 5111
2418 5251
7204 5791
6315 1204
3888 1214
8960 2616
1334 2215
1887 6226
9981 7298
5407 9006
1225 1720
7212 926
7856 864
8118 9128
22 1410
4403 4336
232 1735
1262 6701
1892 1627
3156 2701
7492 4150
6284 6706
1007 1153
1169 7634
7643 5475
3837 8102
9179 1570
7406 8125
8673 6553
2633 3452
1986 5704
8074 8342
6924 4998
8841 5626
2290 7501
279 9687
7459 2106
4392 6707
7235 8631
1060 4145
5618 6068
8081 2409
7501 6715
6449 2351
7202 4827
2579 9983
8812 6907
1877 5411
6356 1765
696 7274
1884 5043
2687 6073
6712 4328
4034 3022
3741 4825
3583 9699
3366 6767
3724 6314
9758 3572
6287 8045
7008 768
9661 6222
5621 6078
8895 2118
1793 8885
8340 4046
3128 4982
194 7465
2568 6327
2449 9560
3234 4076
256 2356
2176 7322
248 6831
9012 7609
2189 87
2369 9228
5946 9174
1623 1582
2189 118
3363 7218
9868 5916
9913 7107
4961 1060
8259 3604
1628 1834
891 2216
7236 313
2173 4362
9809 1244
3887 6685
7542 1244
2785 3245
3551 1933
8157 6252
6860 9965
1355 9206
1876 2855
6680 5952
712 4321
6123 5232
7775 4114
7413 7964
1975 2624
4738 5920
8414 1070
5628 2170
3282 1121
498 5811
9503 2299
1591 8195
6235 3382
7607 4160
7891 5174
36 617
4503 657
1633 3752
9501 9204
8279 1636
8698 3719
9564 8872
6467 1232
1172 4000
7459 3807
2484 7659
13 9773
6597 6668
434 1018
5542 9111
9839 291
6754 251
9340 2556
2617 2419
8282 2167
9758 8025
8589 1086
7148 9630
6981 9184
7065 104
7139 6582
9050 52
5096 7557
3851 7436
2888 2991
2103 867
7528 5636
4256 3940
7081 471
2945 4466
8276 4806
8309 2798
9121 7414
1625 8235
3781 9683
1850 9096
9566 6679
3650 9333
9691 2338
5535 4931
8187 5915
3171 4926
6048 713
3657 8345
8537 2368
4938 4491
2489 2372
2521 7184
3249 2500
707 6270
9737 8053
9264 2322
4315 8943
318 9096
4285 7825
3982 6505
2005 346
3218 2444
5136 1227
7084 2242
8024 7434
7829 5164
3664 5023
9442 2868
7168 6405
3361 246
7005 3976
445 717
7991 3085
2024 4106
2627 4351
8199 6056
6180 5425
1367 8673
5554 953
9964 6448
4872 8730
6742 3404
4932 5220
9698 1877
5081 8732
3477 9505
7994 1179
9376 8413
2438 9640
1753 2067
1021 8045
861 3959
9371 8389
1355 1099
8636 5539
5995 7727
33 2078
7728 5053
4082 6327
7838 6623
9940 8868
8763 8401
7663 3401
8118 7553
2367 2425
3741 4091
9052 6673
835 7859
1921 5515
4946 7401
7793 2711
1608 126
9889 998
3366 6900
4826 3832
4280 2676
7161 6946
9513 350
1767 6952
1059 7047
8741 169
7234 8135
8517 1810
5046 3709
5977 7660
8433 7731
689 8263
5282 7582
8277 8561
8273 3020
9833 4629
5531 9673
9820 6219
483 9504
1849 4861
8479 911
4745 8299
4480 6364
7344 433
6778 6094
8992 2771
365 8564
2675 2000
761 9651
4064 1066
2223 2603
7322 7793
9121 9155
8057 3537
923 9771
8502 8203
5466 2324
5249 8769
2910 9548
6329 4997
7734 8575
6196 4627
5901 2993
4262 5704
7352 4909
6807 609
8905 5019
8131 7355
3157 1551
430 1873
4729 282
7174 6773
705 7997
8639 5642
6617 7105
6702 257
5174 5977
420 6879
3012 857
967 2318
9891 2308
5989 5085
1022 8042
3158 8982
3374 7885
9984 3166
8623 5125
1242 5859
9674 2016
1167 4431
1816 796
2347 264
3551 2776
4207 9934
5619 7486
31 9558
6688 4693
1793 3013
6624 6268
3304 5888
6873 7016
3365 3283
7809 7728
3010 834
7404 4579
7999 5511
2886 9153
2465 3135
8078 9807
2605 1100
1453 953
9027 5055
1640 3580
4449 9127
248 7301
2212 4228
3762 9350
8079 6666
6199 9818
1240 8127
5855 2428
2041 40
672 5713
8559 65
3984 2239
5354 5708
9889 1144
90 578
3729 4539
2837 188
5203 3763
7574 6191
5781 6499
1312 3296
5491 249
4536 945
7276 7645
3447 1004
5332 3620
3843 5129
960 6693
661 5069
9134 3828
5065 9177
3410 1394
8313 9209
5497 5598
389 447
4565 4779
4721 6567
9760 9517
5796 9453
5518 4202
7379 2064
4856 7233
6289 6931
2419 5024
5929 5259
7834 9683
1119 2984
3147 7862
3063 6554
8453 7946
795 1572
6884 1148
3147 6085
3075 8544
5019 5332
9440 356
6082 6413
5344 2967
5188 6973
2449 1723
3725 5730
2257 5062
1675 8964
6839 3877
7201 9217
504 8018
8757 9985
7824 1596
2049 3901
7664 84
3140 4739
8568 5340
2872 6029
1222 3122
5056 2268
6495 6382
8757 6258
9252 7447
5146 2221
6561 7467
4930 2403
7024 7887
839 4511
7748 2343
9834 7748
204 7405
9520 7450
8952 398
5969 7293
2420 5262
9196 9173
5503 3441
6771 8802
5459 4766
1809 2922
5663 250
3252 7313
1133 3665
5987 9166
9201 5965
416 7218
6790 8716
1812 2569
5693 4360
9064 1013
9502 9793
2299 3334
7194 4868
2369 237
6252 7264
8977 5057
3697 678
6643 6546
7977 371
9486 2660
8685 5079
9168 411
13 8772
1347 8883
5660 6454
690 7507
5110 3861
8701 488
7113 6287
9571 1216
9327 2090
6475 793
2033 1409
5953 7663
4262 2607
2161 9289
2940 4150
4650 1495
543 8724
840 8852
2225 1134
9838 3784
3962 5862
1627 3346
7120 6754
5741 7078
3580 5855
8076 9600
7725 87
3118 5104
3508 6691
9785 7685
1886 8241
2942 3246
1796 7771
6319 157
4022 8314
8457 4300
5692 4792
4619 2779
9643 4340
661 2428
5874 560
7422 6990
7623 472
6949 4511
5088 731
4786 7023
6152 7974
3267 3917
9660 2312
2936 6549
2632 5418
4311 1651
1901 6683
4422 6966
3599 4053
8481 8238
775 1088
4283 9096
1434 9615
6483 1227
2008 2618
9494 1361
8583 365
9814 4717
2604 7395
2254 1212
9256 6215
2407 4581
7045 644
4881 9358
6809 8292
5553 392
9600 4267
2127 1793
2858 4052
2113 628
5684 6137
1964 5591
3034 916
4372 1298
2923 9097
5238 7404
8226 7557
670 1137
1882 4294
6988 410
2165 4946
2082 6
5389 1838
3587 1538
9314 3906
352 2946
4809 1630
900 3623
3850 6968
3183 7738
3609 3539
7399 1137
5407 6389
5176 8491
177 5396
6246 5217
4086 972
6550 4603
4627 2120
598 1163
8507 9514
6454 5880
7682 2697
5319 1920
6933 117
1925 1318
8896 3330
622 7369
5266 2792
2839 1227
3665 3610
6674 5503
4406 5112
1780 5147
3668 391
6821 6826
8993 9941
3677 9562
6810 1365
4300 5232
5274 507
5081 9186
5501 3777
2666 5282
8460 1634
3678 4772
3833 2749
9419 1592
6721 349
2876 695
6251 4097
3801 4251
3864 3928
6021 9692
9179 8071
9472 9755
4629 6411
3137 520
9215 459
7416 401
2144 2053
4538 7930
8364 4324
3708 2001
2877 7777
825 2378
4592 1092
8331 4726
3591 2765
915 3290
3169 5689
3226 6585
6985 9933
1638 4116
2107 2426
1673 5049
5810 9393
1150 966
4085 8424
8564 1759
4835 1797
9885 2980
9922 3779
5139 2250
6416 8488
1682 2233
7865 7067
5198 5439
3448 9982
8574 3988
3855 7547
4616 9878
3524 7510
5506 1109
4864 7084
779 9311
6846 3930
9293 9739
4505 88
6461 6870
5913 4515
1612 5033
8898 7434
4827 703
93 3465
2735 301
6990 3021
3715 9199
2766 7429
2323 8601
9310 5284
2492 4897
2420 6083
3894 8892
2208 8554
561 4138
3066 6420
7440 5862
5486 5312
8174 7104
9617 1043
6437 1927
885 6700
2839 89
3375 1117
3568 1300
5295 7514
2710 7567
7476 3629
4173 4216
1389 2411
585 3547
9942 3552
5119 5506
5927 6195
5901 5713
1378 8936
6810 4709
8598 1872
6909 9164
4958 6899
8485 7889
9964 1788
9323 7658
3836 6820
6483 5667
1100 4835
1617 3003
6598 7098
9447 7159
2614 8503
9306 928
2231 2230
5802 1746
1502 6004
9994 6278
4196 197
2350 1858
3031 3488
520 8475
5003 2215
8353 8449
9167 5310
8345 8744
2959 8618
6739 6791
3445 2249
9902 1901
1717 4971
3692 6483
2628 5519
4381 5122
4654 3794
307 3890
4764 7670
4618 4268
220 3635
596 7130
9512 9847
1648 6583
2833 8968
8059 767
8680 1440
2041 2292
915 1404
2015 5504
3967 6600
6177 1802
6211 4431
1856 1533
2681 1478
5302 8459
4096 858
9448 4915
9008 3901
8069 4842
9317 7940
7362 1480
7453 8578
1504 2016
4509 775
4824 1792
1919 8970
3340 6671
5924 9433
3182 9217
2800 4337
3384 3471
108 5658
4862 8403
7394 2681
2643 5904
4192 440
5912 2876
9320 8751
2125 924
3906 8083
8555 4349
3447 935
2402 3960
6665 5265
7153 1919
8506 2196
1233 6828
4846 7346
2315 4900
9387 1922
1120 8436
2488 8983
7299 7675
5181 5992
2985 8584
7909 9357
396 6187
7914 7424
3495 12
3440 5111
1396 2793
7527 5646
2514 1495
2233 4494
6548 6747
6921 6284
404 9889
3315 1761
1729 3788
4948 2135
9616 9213
9092 4764
141 8422
3026 4755
9525 1275
4409 1126
4570 5506
1314 6092
8861 816
4103 4719
3756 8931
8799 1978
6888 7068
7974 6645
3841 4411
9590 3919
8011 9682
5391 3155
3061 9705
3835 4388
3943 5099
8551 492
1206 1299
6850 8159
8320 9911
5467 4966
39 2311
605 243
6470 5866
4462 3321
7709 8582
9659 6373
2522 8449
2942 4651
7608 5790
5683 8583
346 4572
7082 4775
4118 8855
5393 9315
8831 1254
7076 2470
626 4192
8978 3525
1546 3136
5854 6840
6255 8860
9612 117
6009 1230
6346 9286
4002 9412
6330 2401
9558 9026
3407 4004
7422 1958
4228 689
8342 4781
8031 8765
3819 5777
4283 4573
8985 6597
6656 5950
238 6608
9870 5074
9141 4667
521 1076
5451 591
4783 9097
3943 226
9833 1341
9387 5932
3720 1355
2028 8315
426 1951
9119 114
3607 8471
1565 479
6674 8825
8335 2551
8272 56
4096 6982
3826 1673
1377 5915
4967 3770
5592 2534
9748 2916
6666 5915
9114 4778
3541 5368
4700 1710
8442 9781
5329 6482
7513 5417
8625 2037
8251 889
2852 8037
505 2538
3464 4410
5127 5300
631 4670
407 9067
7846 5480
3021 1118
2551 9213
1917 301
2686 548
6677 7816
1882 3877
7470 6041
4445 1645
6220 5253
3477 771
1878 7159
5798 7728
1885 4740
6861 7908
8099 592
887 8775
9832 3032
1113 9539
315 4823
4162 8073
3707 2787
6601 4838
2733 8539
613 639
4902 8107
135 4156
5068 5465
4617 6381
7823 4652
8659 3229
5437 3420
7867 8718
5238 6632
4596 1568
443 7320
7935 2163
9996 9369
717 1728
697 3962
5742 8260
7259 1334
5189 7197
5424 6576
5474 8006
1298 9298
6759 3458
3748 5691
1975 2773
4175 5750
6637 6210
1095 4260
8738 9741
6102 1299
8620 2940
9163 1143
1556 872
9018 6150
6596 8214
323 9397
3715 5073
7168 5795
4060 2441
3939 2261
7548 7429
3310 608
6791 5997
5531 9188
8872 4066
4261 1946
203 4183
2130 1438
3436 9865
4052 7651
7310 8850
7316 1393
7945 1996
8618 2340
3501 5388
9358 9253
9516 9033
4279 8788
9107 4464
2248 3913
5692 2170
8090 8365
9382 7092
369 6641
8549 6774
8422 5845
7291 2274
4539 2070
1946 8932
6536 5980
276 7464
4580 2177
430 1749
9413 9642
6802 1794
1011 3348
5163 2254
4533 9199
2232 2668
5193 1249
4869 4454
8944 7560
6094 26
359 3736
9341 2661
6134 8523
7731 4234
7688 9718
7811 9821
8375 6623
1913 725
6216 88
5147 6312
4734 4669
8615 8634
8680 1908
8679 499
4449 4078
9945 9560
3488 1227
579 4035
268 9389
9171 4086
1457 4129
7653 2171
9706 3231
281 895
4913 3878
1533 3772
9716 582
3304 6956
3309 7
152 1492
8688 2599
4866 4934
6804 1642
8441 8760
2205 241
8571 5636
235 5423
5579 9179
9539 631
6822 5915
4475 1670
2363 5222
4248 8770
9560 5436
5741 1980
6213 6379
2133 6820
3757 8389
6533 8624
126 4082
1773 2303
4614 850
3365 6005
9471 4188
7180 131
9711 7301
4282 3831
9847 7470
2319 4658
7205 2030
1634 4709
2730 466
3118 5715
7486 2248
7197 4794
3853 4627
1102 8319
7541 2959
5134 3053
596 6120
6497 29
3855 4738
9900 4152
5108 5084
5023 9331
4380 218
6758 2267
9814 1283
3527 4323
5485 7896
6069 1256
1012 8699
5154 907
8520 7679
2345 9209
8830 8280
5642 703
4515 3072
5189 6839
2450 5986
3992 673
6538 3102
1694 8236
8250 6463
4012 2564
3169 1018
77 609
502 4514
5646 432
2739 9083
9994 8497
4266 624
4351 8473
1057 1304
8507 5779
5485 3423
7131 2302
5713 1944
7306 5795
8998 5325
1986 9543
7443 1079
8599 3532
3501 7319
5539 6378
2928 6990
8394 1838
1079 5229
6731 6176
6146 1057
9634 1106
2388 8049
4113 7411
2044 1309
7911 9988
3172 2384
284 6883
1012 2193
6145 1559
7194 3747
3319 4763
4938 638
9781 3591
6809 6489
1809 1354
8222 3139
2206 7107
7313 6086
8684 1591
9984 5473
8183 7810
2266 8524
7631 2713
6533 5947
1422 2178
6608 7473
5805 5760
2693 989
5733 4662
1931 3415
7335 7052
8389 1860
3711 6701
6767 8401
7289 6788
3215 8874
5907 4467
4654 8110
1099 6743
3003 4882
4056 2440
2813 2096
7743 1135
7356 7429
5885 4280
2100 2586
608 9532
6100 1430
4320 1346
7838 5296
4449 5400
2841 8928
2419 9687
208 8107
2390 2228
9927 133
4930 6605
3180 2568
8123 8791
7377 8691
3455 5665
5765 2596
3986 1918
1554 5006
4075 3550
1516 6026
3689 2208
7316 7834
4598 8900
6957 2507
2729 3843
2810 7726
7209 9778
1001 7380
7948 1607
4570 9823
6185 522
2311 4871
5113 5281
3156 361
4680 2128
2614 5266
1491 2813
1385 9855
9429 3205
1230 903
3526 6265
7045 4733
4827 7228
999 4294
6185 7870
7465 6028
2285 6753
2 9762
5622 6110
7782 9427
3759 9893
3088 9790
7699 2758
4002 1583
223 4104
4564 6207
5699 2107
9647 4007
5645 7770
3045 1690
5841 9994
9380 7483
6184 8778
193 7135
9278 996
6411 2943
5529 1676
1761 5204
2958 1344
9840 2671
8509 6150
2505 5627
4850 311
5681 1045
5719 3811
3876 5863
3743 6884
3281 8557
4226 2045
5420 3354
5038 7314
7793 2829
8613 1361
9293 734
933 4852
7709 5851
2810 2526
5783 1262
2965 3461
5329 9629
4279 7509
1985 3477
2674 7521
5275 3176
6188 6583
2588 6748
4668 2268
8446 8153
7941 9286
4786 7452
3970 710
7370 8096
4925 1264
2870 1158
246 3241
9352 2401
5054 7260
7744 7567
1704 6100
673 2005
934 4136
5821 390
4821 2219
1242 9923
4711 1376
4820 7266
1208 8563
3610 395
772 1554
8675 6223
677 6726
5543 7824
3672 5107
8991 8871
1749 6769
9509 3578
6110 3165
7836 4688
3271 3507
7513 4909
4983 9242
3585 7403
484 5199
5816 7562
3525 3513
9283 9213
4426 9145
5797 9995
4000 5657
4770 6546
1850 6775
3957 9212
2054 984
8042 3206
6101 8734
8028 8941
8393 9388
8647 8201
1273 981
2638 70
3982 8528
5930 6234
7537 4832
5213 8352
8801 2067
8150 5062
1984 7215
2342 9897
1953 6709
7391 8390
5642 5873
6785 6375
390 8755
3896 5525
678 9287
502 2084
7416 7187
5471 5761
6024 3825
5032 3107
1061 5101
3646 5330
4074 1199
6266 6259
8461 1289
3546 5568
4317 3800
3629 9440
1943 1877
7049 7982
8365 6285
9539 2199
9599 8865
1498 1073
9092 9046
5023 8768
3135 9890
3036 353
8800 1439
3487 8295
333 337
2438 7156
9465 5561
6524 3768
6564 4275
5163 5760
1917 4183
5743 8298
1624 1674
7834 2610
7080 1637
5430 5875
9005 6926
4595 2950
796 6429
4860 2045
2774 4370
3142 8935
9812 2654
9810 9372
957 9093
255 2376
6332 5446
775 8047
684 6307
5893 3334
8183 2900
6159 97
3800 3714
3812 5150
7601 4229
7688 16
1830 7401
4362 3366
7908 2740
3982 7190
4548 6765
6318 3223
8122 7028
5253 8881
9936 9420
3413 3863
3604 5911
1776 9589
2945 7488
1787 2684
698 986
3683 4153
8561 5894
2192 9324
9575 2260
3923 404
2208 9319
3477 9086
3775 1925
3521 5480
9100 4544
2006 6376
2711 2242
8689 8585
71 8072
5131 9812
9447 6572
2732 1507
9656 1679
520 7064
4070 9684
6419 4966
3229 5180
760 4805
2755 2880
1540 4006
4418 8062
9225 1019
5959 5927
1045 8171
4213 983
7429 4608
1959 1531
7525 5454
6819 4602
2159 217
5860 4889
3157 7192
6662 7750
6776 380
6973 9727
4900 7360
6007 2074
6996 847
6087 2800
9220 8279
1505 1272
8382 8899
5014 8767
9041 1396
4956 509
99 3646
8524 6522
8244 6798
3059 6372
4400 1716
9453 5129
3874 459
4918 3874
3182 6279
7650 4567
9972 9298
2505 7211
7449 2799
6236 2998
3860 716
5826 6960
5301 9077
1564 377
2416 6490
1330 9439
1659 8329
6004 6227
5300 1345
7064 3820
5490 2635
7993 311
2742 1401
7009 4934
1914 8513
4422 398
6015 1851
2665 4122
1385 3748
6286 7024
935 9582
3859 157
5536 3670
3790 3466
9643 9581
9878 6963
9027 602
5633 5507
7074 9457
5901 4353
5547 674
3058 9819
3730 4946
8471 4140
2941 9683
5151 5659
7731 7072
5682 5907
573 7988
3302 9636
9552 3956
4241 5436
4501 1119
2806 7836
3130 9656
3414 6863
277 9098
8694 4401
2130 7249
7406 7620
9009 4786
1491 8415
6943 3051
3680 3759
9464 663
3077 3325
6738 1006
824 2712
2368 6439
2268 4508
6102 1817
5587 4943
6089 7236
5781 8707
7550 335
7549 1634
4404 8332
8552 9969
1789 8746
4868 9489
911 6704
2128 4031
5736 7846
2870 1647
8894 8917
8285 6812
5890 7848
1680 2457
7612 1325
3153 1784
3080 7726
1275 1257
4168 3509
113 4650
3889 6991
1898 6959
863 2369
2952 7470
5097 8024
1224 2593
291 5760
9290 5635
2504 7015
4928 2278
3012 4201
3258 4124
1161 3348
2490 9430
6927 6249
6574 3173
5219 9870
7203 1237
5727 6570
324 8472
1621 8383
5467 8334
1116 6379
3344 5482
1743 6322
8500 9224
5924 8293
946 4307
7517 3739
8774 1348
4251 8358
5813 5750
9448 1632
8205 8004
9322 9567
3488 2714
4642 2714
9616 9101
948 7709
5536 1633
8888 2824
6991 3934
6754 5653
6722 6547
1150 5867
1459 3909
3212 3379
2019 1349
555 1702
9068 7621
1128 2702
5910 3686
1143 9449
1501 9461
6307 6635
7294 8617
6713 3178
3178 6881
7099 6493
3157 8738
5977 2982
8718 7676
665 1653
9372 9183
7903 935
5599 1535
2969 5161
1972 2299
8486 5556
4078 1746
6465 6210
9072 4031
9354 1030
4965 9809
7826 7873
6576 2778
4861 50
8269 1881
2538 2961
3331 9508
9020 1729
5764 9224
7253 1416
5530 9111
9380 2416
5144 9087
9567 6503
302 5411
8024 3052
9007 6678
9263 1439
1839 9508
2337 528
3972 6960
2130 6145
3368 2383
344 7594
7487 3281
9234 4332
6699 4740
3692 3968
5443 1558
1219 1186
462 3276
8006 4203
7675 1889
9631 7731
8137 5344
4743 6255
2315 7338
6148 6597
1700 102
1455 1075
9103 4339
9900 5638
9766 8865
6957 5333
1445 6770
951 2302
1821 8091
6048 9620
1720 2511
6788 3929
9312 1333
3941 7562
3243 9183
3625 6412
2341 7229
2233 9965
850 1468
7467 7368
5050 841
157 7807
5355 4465
6672 2656
1894 5839
659 2228
7060 8236
7007 8983
1250 8262
7259 3230
491 8350
6010 9460
9299 9785
1460 5977
9612 899
7407 1983
4366 7684
7998 6511
9708 9518
2951 5783
2086 5759
4389 3164
5246 4736
6440 7163
9282 1824
8110 8336
2465 4632
2611 8343
6911 6843
6014 2604
9473 1025
5700 6606
5375 3141
4362 1065
3150 1623
7498 3068
6933 5581
4710 6713
8358 9779
8469 4924
2862 3724
1621 3363
795 7315
3584 1541
4784 2591
4924 6007
9726 2864
8344 9622
2833 6449
3018 361
5256 7759
7212 4517
8136 4569
7151 9636
3167 1465
3030 5146
6117 8463
8570 6382
6834 6411
6078 4534
4017 5073
6741 8732
7335 9842
7674 6112
2775 590
1450 6641
1901 1929
5888 982
5055 2301
1160 1195
2761 6846
3660 6462
9979 2501
4638 4370
2774 7562
9730 867
7035 4067
3173 309
6418 9848
4212 6702
9683 7456
7455 8281
2712 9169
8949 3729
2691 5552
8922 9159
5629 989
1037 6283
9166 6853
9908 6298
9049 5694
2071 4683
1570 6673
8958 3229
4162 4378
4505 1968
2541 868
4717 8125
7334 6604
1287 5106
6680 1927
2544 5138
1558 8668
8538 6279
8517 9395
2823 793
3002 2676
4187 1017
3498 3932
9932 8414
402 8845
1926 9880
7114 3164
3484 7296
6242 9806
261 1001
6008 548
9393 9103
705 9996
219 8220
2707 4595
2964 7404
4011 4862
972 3616
8390 4121
8829 4392
4919 9800
5377 1668
2644 7860
714 4517
8330 4022
5281 5423
8320 1658
1597 8792
1274 6406
361 7332
1710 5392
3988 7139
7099 3265
2041 7451
6191 939
1285 8026
9116 1252
2677 7387
4426 2229
2403 5846
2494 7701
5003 1664
5166 661
8164 23
5777 4406
1095 1229
4108 138
9217 7845
5683 695
4308 9552
5679 9041
