500 249
8535 7675
9767 7319
7401 8615
7197 8570
1714 9475
1169 1500
4168 6765
2089 3353
1484 1270
3897 4411
5909 1489
170 8010
1239 2171
6992 5414
4285 2172
1470 6581
6355 1468
3588 1712
3905 8073
298 7262
9175 5844
7500 1955
38 2514
6902 6335
500 4312
1961 9091
7221 7235
3795 9088
4554 6478
6846 6226
8927 5259
3749 6849
7300 824
6032 1943
5334 7786
2373 8111
8555 9929
7075 9293
5232 5427
4414 5313
9561 505
7370 1711
7574 8717
7237 1804
9523 2388
2189 2173
4283 6632
4016 2296
5974 8782
2188 518
5191 8996
3849 2838
2126 7571
1704 2861
3163 9478
6793 655
9923 8913
3522 5795
4830 2280
1811 7667
8268 2886
7426 3628
2541 6444
5688 6394
3114 2852
408 612
3449 5504
5112 9294
4698 5338
3907 9780
1408 6278
9260 6938
4249 4897
6710 3007
2337 8081
3345 319
4683 5321
6899 7905
2752 891
4068 364
4159 8286
5543 2235
1868 3238
4195 4473
4582 2254
6556 4885
335 4595
6907 9010
3000 3703
5131 808
2629 3926
7755 829
5584 4151
8809 4682
4447 1359
4246 4434
1012 5847
4962 2864
6189 5462
5998 3490
4909 3042
6620 9441
8154 1449
1099 1281
359 5454
6914 1250
6808 6080
9079 839
6535 6278
4810 1826
5318 5564
2156 3956
186 9043
1625 3747
5102 5083
7732 4263
72 5987
2670 4542
6212 227
1798 8295
3505 2315
1049 4775
1639 9563
805 1038
1746 511
8840 6703
3392 2472
218 3461
3195 5288
5160 4190
907 3135
3662 9375
7807 1126
5230 5521
5523 3342
9157 9723
1753 1929
4253 9742
2976 271
4188 4974
1111 4861
6641 1828
2756 8929
140 7258
1091 1706
6031 7175
4657 2811
7145 1132
5214 8126
4733 1029
2827 4291
211 6137
2589 798
1145 8912
4499 7944
2587 1090
8515 3152
3266 8650
2863 9663
8231 6477
7249 2142
1280 6528
5270 386
4541 6968
6173 9389
4280 6502
2476 2537
6906 4363
5272 4131
6187 9015
8169 8169
1353 3866
7563 9285
4444 2031
4723 8862
2108 4807
7245 3558
7717 8356
7211 7766
3703 1728
7200 2281
9059 1979
502 6704
265 8040
6776 6758
8439 5845
2596 2490
6964 4613
4052 4722
7649 8480
9274 9772
2988 8806
3886 9892
6524 3171
7128 8417
6535 3624
4629 1009
8114 5735
9221 2082
6695 6028
7561 2305
9318 6429
2358 656
788 2841
6929 6293
3626 286
2717 4187
6118 3164
5522 3006
8647 4462
8995 7339
3242 5215
6715 9282
8314 9753
4496 3694
3402 5941
8027 9324
1881 8239
3746 5057
7624 9967
6076 6312
7704 5264
9011 746
6858 7395
4307 2965
6065 7330
9211 5371
4618 8558
7664 1589
8184 9112
7184 9118
5896 7469
9940 5318
8693 8205
7756 523
4098 9717
3159 4443
7210 8495
3577 4783
169 15
7307 1471
748 6978
1743 1865
5742 5942
5691 9486
9256 8753
8265 7399
6291 8433
8524 7231
4190 6162
9019 5122
5415 6035
6719 1658
6348 3778
7495 1421
7168 1975
1667 3702
8182 8359
5173 9411
6708 9474
4358 4491
3882 8917
2929 6567
4140 8813
8002 92
4160 589
7675 7428
7441 1453
5996 9513
5810 7536
3407 835
9864 5677
3502 627
4024 3664
7521 8300
8305 3309
3759 7770
1900 5646
4788 3269
9139 4160
5568 8622
9711 7433
6495 8333
7764 9621
4568 8532
243 7057
5202 1487
5286 1093
350 8771
2030 8941
2007 7612
5656 2395
3150 4412
9273 1079
6961 7575
161 7408
4909 4091
8960 9582
3879 7271
8506 3377
9928 5424
4174 635
2164 8967
7188 7662
1605 3830
497 6672
1186 9104
1699 6050
24 409
7544 4949
1365 2033
1576 8609
4835 2871
7775 9836
3447 8074
7901 9849
6853 8126
3809 3258
2767 9765
437 409
9760 9808
8092 7031
3602 8324
8572 622
7512 2715
3896 2091
5238 4742
5518 4023
97 8084
6197 4944
4285 3615
4829 260
9646 3949
1980 887
9145 5307
3038 8794
6599 7314
2762 8220
6739 9192
3070 1522
6088 5037
4875 9102
64 5918
9142 3217
463 3407
7654 5274
6135 1320
2075 6643
489 7493
1372 6114
6748 5638
4609 3836
9554 3050
1026 1182
1262 4089
8507 1422
9396 9755
5713 5418
6554 2733
3079 5879
2225 7921
5957 6658
9087 3141
8560 6964
5110 5787
5177 4674
9066 1986
8653 795
9481 1272
9216 5957
5063 392
4908 7984
6114 429
2421 5547
2334 7850
4626 9800
773 7016
705 4510
1456 5413
9181 2458
6107 3739
9855 929
8688 605
1942 2041
3967 3562
3595 8715
9340 7536
3838 7362
3898 1354
373 6299
2270 7830
5858 7057
8962 1953
16 5813
3794 6773
637 745
5460 553
7727 6203
7723 7746
364 4733
6208 9644
4173 4562
1408 8209
6087 562
7088 8895
3066 1100
9217 6151
397 887
9213 3538
9178 9861
6489 7567
6522 7874
5313 105
1416 7749
991 8764
282 9353
6496 6303
5186 6901
7146 1803
3151 6968
1779 4201
7598 6184
5865 3809
1285 1555
7460 77
345 9217
4394 3063
3378 2139
7281 4301
1569 9492
7903 3475
3916 5987
3020 405
5858 448
9058 3624
1373 2798
3257 1694
6111 8518
7210 6069
2081 2805
2128 1934
944 8098
9182 808
8822 4079
4641 2220
1622 7433
671 6667
4318 7004
8660 2086
566 8335
9987 4727
4107 5813
3196 4484
6570 6356
8379 3842
9441 6854
2573 5681
7388 9949
2350 5717
1769 4620
9793 4622
635 3904
1356 8358
3758 271
7969 8846
6631 9404
6193 9971
2795 2725
8548 8892
9962 8294
9862 2463
7675 6620
1493 4432
755 7936
7650 9936
6522 9419
4127 7081
7707 7045
6983 1061
1266 6538
6773 3977
5567 4032
1506 4529
5014 608
5799 9710
8564 4368
1628 446
9743 6150
7328 8103
4572 9073
222 3248
3790 8426
7608 3727
8430 5191
6184 949
3017 4713
9402 146
6460 8633
9592 7209
2454 1853
