500 12
6197 1728
4398 6437
997 888
6328 2701
1982 6672
2312 6352
2744 711
7433 8116
1197 2403
419 8461
2821 9978
1841 9876
8508 6701
8616 9937
334 2325
3538 8279
7330 1344
425 9420
1216 3217
7563 4185
1274 5125
4182 3889
2451 5805
5747 8025
7259 7489
5762 1658
9895 8060
8991 7775
6861 8612
8442 6472
4226 9389
9385 5913
5961 1685
5901 7644
2121 9406
7668 6406
8024 9911
1211 6389
4432 5574
105 5347
5178 4604
3113 8171
6702 9820
1600 3531
8086 9223
9305 290
1649 45
8908 6435
6983 6040
1893 5374
702 2563
4467 1405
6198 7562
7814 366
1112 302
8727 6307
5268 1069
461 4719
4004 168
9363 5733
376 4889
7393 5672
726 1521
827 8966
3115 938
1042 5476
8305 9953
3109 620
2347 5623
4510 8696
1682 8874
756 7024
1599 6794
8082 403
8679 6819
6674 43
6127 2491
4245 4742
3549 5625
7729 11
3744 7465
2740 7477
526 8938
1406 1254
843 8201
45 4164
3157 4078
819 9274
3354 2935
9109 2315
158 2665
8824 4981
6576 9489
1071 4682
6049 1195
9825 9698
5436 9274
6307 5435
7090 9711
1605 4645
9957 9489
3882 8820
3923 2636
1784 7874
4816 6590
3979 1724
7771 9916
3999 6264
6908 7128
9553 2363
3436 3598
9191 2458
7980 8148
6488 9864
4588 3945
3981 2440
5664 6322
441 3188
1242 8948
9989 8442
7814 5010
7372 1182
1195 4619
9335 2601
8489 1470
3014 1224
7331 8923
1078 9107
5770 3383
1324 7692
6135 5728
3627 9760
5209 6776
3905 9353
8893 8094
7305 9090
6440 6330
8873 454
5328 3482
5732 4055
5999 1153
5382 4839
9264 3535
8981 1491
5636 9715
3898 2476
4547 6758
3165 1712
7693 8280
4260 652
5200 2429
1033 4414
5965 9633
7140 2979
3134 3473
3785 6515
411 2292
9934 6318
5214 6923
995 5840
1480 4008
4418 5236
7102 6217
3484 2258
6807 4321
9653 4772
4873 5885
8675 9497
760 9463
2233 2869
2436 3846
2399 1949
1395 240
8365 7259
2733 471
9954 8929
8579 4068
5974 2035
5109 9302
180 20
2295 4085
5688 9488
5520 6410
1930 3616
9744 6975
7926 365
1018 9816
670 5214
818 4207
5609 1874
2067 2640
9742 2807
7864 1545
8810 1040
1943 2522
6654 9710
7796 5622
7469 3561
3685 9771
5903 8453
7868 3309
7762 4146
4388 4280
3674 2535
7020 1189
9143 4619
1802 3014
5087 2462
8204 2774
5567 6709
909 5665
9777 4399
7708 9132
5836 171
4807 7282
9416 9249
9443 4927
2715 6052
5073 4236
7559 7280
2013 4604
6889 9159
2674 9624
4819 9967
6737 4912
4751 6246
5874 4958
6913 4224
8371 3845
5784 3288
3813 2114
1520 7720
3451 997
8278 5710
3103 4259
3372 5639
22 1928
1752 3748
6157 6951
2030 3310
7492 7363
6910 5099
9323 7922
6613 1176
9561 7291
1238 7962
9578 4095
6614 4069
9712 9659
4278 1397
4284 7547
5368 5889
134 6646
990 549
6270 8964
1981 1379
4785 977
5980 5515
5234 9119
80 6985
697 8915
770 9568
5915 6472
2901 3110
6357 161
9144 1528
5207 6187
9423 7232
9654 4816
1404 6773
800 317
2770 8455
3802 5777
6760 8453
5124 9612
1255 5602
5957 698
4664 252
3630 4250
903 8263
5390 3322
74 8762
8902 3379
1172 8559
4003 5784
5967 2837
8707 7614
3871 9345
8618 3826
6597 3654
9794 5179
6660 4167
7210 8047
818 1563
6722 6328
4176 1117
242 5033
9682 661
8648 5428
9552 6880
5517 6679
9980 9679
4425 9798
2576 448
5296 7294
7946 9791
1824 439
4830 2013
8358 8263
434 4340
3139 1025
1751 8453
6972 3784
9252 6698
4336 7174
4115 5199
3247 920
348 5483
3179 6967
1026 5337
5882 8730
6884 7857
6802 6010
9586 4563
561 7234
9317 4086
5634 8373
5871 5136
1325 2096
9986 92
9921 2318
9611 3196
8959 2427
2735 9144
2821 7377
497 1485
1641 9819
8859 885
9378 3954
6503 2486
5124 205
5685 4239
9264 2754
4469 525
5624 5398
9254 1500
2609 1145
1564 8231
770 8994
1029 6804
2286 9296
5709 57
8036 2513
6759 9163
9863 5693
7805 9290
5308 733
9033 5550
316 1829
4610 1441
594 8810
2257 602
1724 8585
468 7431
307 8221
4521 6043
3439 7705
3244 4244
9357 2960
8330 7901
4789 4542
8059 8085
5747 3900
3912 5729
2202 6231
9864 4523
9484 4843
3394 6972
1192 9863
3121 1039
5611 4320
2332 7902
6837 1387
4489 8002
2894 1077
2231 6320
3610 9554
2697 4520
2297 1028
7126 3770
8042 5475
8563 363
6305 7022
6913 280
1997 8991
3205 8035
6970 6911
9605 8012
3034 7463
9836 6844
6729 5980
4815 5475
2634 7234
5800 28
9520 683
1946 7444
6472 8739
4603 4979
5068 136
5188 3662
6229 4686
7413 5936
3328 5846
9015 7795
5973 2233
4706 9345
6828 882
9686 9214
5297 1474
9706 2798
4122 9639
5855 5614
4972 7388
4372 7286
1189 5106
1473 3791
1944 5358
5564 6030
3848 4668
7378 5396
3143 8540
8407 2015
503 6352
2529 1922
1389 8656
2774 9561
6016 9523
3694 8243
3600 212
9477 5411
9247 3320
5559 1846
9729 3919
9355 9346
9086 7490
9716 9889
4851 4146
5771 9044
3154 6617
9144 8375
1947 6436
594 251
8341 4054
9251 9158
1148 8418
1221 927
5092 6632
4144 776
8047 5726
8142 8452
4158 1570
4693 7913
3776 6127
197 1584
4427 6480
9538 1366
1353 8108
24 7463
9523 3112
8787 4063
2091 6766
1678 9808
5954 6758
3881 1822
8943 896
9659 8150
5211 8333
8089 960
2238 8874
684 953
1358 2078
6841 8302
1169 3285
3463 8541
8358 1248
1959 5073
3819 1878
7247 8136
3860 9087
167 8757
1738 6583
5666 7654
7466 4280
7610 5962
9758 6162
8557 5230
4609 3483
1267 3305
959 8062
4791 6410
