750 150
908 2629
9356 690
8627 5425
4982 29
9095 3568
1529 6453
4711 9596
5655 5934
619 2710
798 8113
474 117
9870 2316
4454 5678
6843 9906
1226 1330
3668 1936
9475 8783
6690 3133
3094 6069
1002 5211
1895 953
4815 5319
5326 7247
3608 7842
8159 4157
8404 1588
9197 41
4075 7694
7906 4759
4123 9626
524 1446
5980 9946
7483 7933
2997 6645
4165 7319
5321 9984
6822 6151
1708 4198
6980 9368
8800 9222
78 6504
9172 23
8740 3807
9916 5060
2499 2249
7239 6692
7345 2500
2983 6980
2030 8365
57 1692
795 1433
564 4713
1559 3658
7983 6670
55 115
9026 561
9628 5237
9289 257
4569 3276
7800 8528
2670 2804
4372 301
7738 1807
3826 207
558 6106
5055 9083
6725 9565
4729 6683
4405 7709
9411 7614
3370 1642
4228 3996
8517 8682
8924 2077
5222 1461
6806 9899
5529 7665
2402 5735
1833 8272
4337 9899
2864 3705
501 5837
6183 2555
3752 4285
5473 1205
8706 9552
41 4155
6996 733
6305 9298
8367 315
7591 8703
3442 6701
4958 4796
6268 5966
3680 7525
9092 2134
4897 4254
6914 1448
4647 1770
8228 8387
4233 2182
3624 1175
424 8324
2265 3229
964 6504
7063 3872
7087 1383
3890 7906
8079 9499
9110 4361
8064 9380
1348 2814
507 7124
1302 8034
3246 505
1044 5137
1289 3849
3713 9269
4032 7061
3553 42
1680 5314
6704 6653
3620 2429
1583 8440
3524 6951
7070 1807
6417 3466
8933 9492
9732 5085
7409 4136
2961 5291
2426 7190
4037 8015
1357 5518
1922 3754
4531 8601
7612 6743
4321 7647
8249 396
7225 825
8696 6915
8873 9367
5571 5249
7962 3262
6609 2419
7818 4405
8765 3488
9712 2491
6942 1706
2776 2271
2676 7157
3276 8142
6213 2275
1887 9334
8911 9557
8170 5346
7004 3810
2751 1379
5308 6811
9414 4609
6368 487
8423 2700
1596 2884
4034 3217
6850 5926
438 3902
2094 6932
6856 5517
1955 1889
7963 6219
4010 7198
8049 9109
8352 1068
8700 9997
9221 5416
5244 4342
2537 9346
5711 659
6838 7427
4980 6777
5866 7896
1049 3855
2704 9422
1120 3497
3892 1809
2071 7489
3448 8748
4512 6689
7323 4012
9378 994
2031 4443
8830 7861
9645 3070
6784 6223
7793 3950
6530 1727
52 5326
1361 5201
9813 8805
6584 1986
8210 1528
3752 8049
3967 7821
2329 8832
899 6382
8969 8575
4276 9426
52 6234
199 6876
4592 4544
1286 1438
226 8300
385 1425
9120 33
5664 8523
582 3734
1601 6459
7524 9973
302 8089
4700 7970
2109 4136
1528 4389
2610 2911
4434 5602
7026 1248
3192 690
7208 6339
4160 9968
3241 3939
6655 2363
3273 381
7175 2997
553 3410
3411 6987
3124 954
1134 8670
39 5294
6670 7273
5462 2969
2675 4586
5980 1147
7959 6922
3855 2299
5778 5781
2220 9838
6147 9540
2229 2654
1374 264
8251 7477
451 3107
5826 949
1424 4909
4605 4834
3199 8290
8719 6659
9594 3126
2424 7438
9139 5678
9050 8719
8652 5075
1729 1135
7122 3538
7895 2540
1424 5547
9142 2448
6486 2786
8779 188
3277 3047
4467 3077
7339 3441
7787 7324
727 7174
6543 4771
4235 6187
1117 11
8029 179
8960 1327
7167 8425
1057 4477
297 7591
5000 4285
9421 1688
1532 2597
872 8074
153 7145
6598 981
8853 7300
8962 6775
428 9807
8733 390
7816 8364
9876 4900
9912 380
3640 1479
332 643
9391 4540
5285 5612
8767 5975
5606 531
2169 3511
6078 2824
9763 4754
2816 9115
7265 2984
7938 6487
2061 2474
7698 2108
6583 1850
6982 3162
4137 6648
6462 562
1911 4778
1031 952
4821 7069
6032 4037
1684 6872
8419 7897
2563 632
2441 848
9026 9599
7477 4494
8033 1235
3725 5942
9527 5329
9695 5228
7236 775
4948 4469
9754 9789
623 7129
2315 1981
8168 7723
6393 6202
5543 5751
4378 8795
9913 1761
220 9752
3623 6502
9792 7164
3738 8288
7594 3810
491 6364
8834 1540
5279 5138
4776 4461
4779 8042
6301 5143
1016 2311
3200 8241
9423 5064
9778 7987
2932 5427
8996 1002
5060 3490
6426 8538
418 4359
6395 7571
1734 615
9446 7135
5486 6485
428 7692
3595 106
317 9739
1441 1710
1833 6729
6669 5824
7433 8935
2342 948
7350 8933
6187 3594
1604 7309
4357 4823
798 2802
5308 8357
2203 5751
6934 7636
6446 6658
2967 8917
859 3204
6319 6563
1660 5733
1907 7316
5517 9878
7471 5036
965 6588
3887 7595
6 3899
9842 3901
9420 5197
1353 3453
9277 2305
2401 5091
5414 6588
4078 8495
2730 5678
1032 4666
6993 4356
3748 2088
1365 5552
8828 6440
36 6397
7580 9161
3631 4154
7694 1648
8002 9215
5084 2785
3147 9129
8537 2723
4092 6614
9724 4455
607 3484
7307 1332
4979 6501
7433 6949
6127 9179
11 8250
26 3485
1116 951
2554 7486
6472 7107
7339 3985
9487 9991
2815 2436
2211 8256
2650 6002
7922 3782
1008 8574
9672 6061
9426 9833
2747 3498
7807 4955
7107 5724
6214 8715
8717 5268
77 7995
6820 3032
860 7313
4572 8275
5758 104
6244 1838
3197 4105
721 4714
1693 9651
9477 6565
4871 702
6650 7396
1163 6487
8165 905
1766 803
2581 9593
9057 8249
4873 7155
7557 4869
2319 4867
934 6528
9381 4213
9374 1137
7083 6930
651 3216
766 5364
3655 9240
5642 7057
7466 4383
7359 5430
8780 3859
880 4862
3711 4197
756 2042
1151 9132
6240 8823
3698 9127
8648 49
7873 3134
1752 5514
9653 8531
3675 3921
9931 2731
4178 3233
6024 682
5739 1515
2425 376
5200 6613
8944 5356
7786 7910
2756 8341
9196 183
3505 6711
3185 3708
9669 3973
9198 2260
2888 9902
514 1838
5252 5914
6940 997
6723 8999
3696 9356
7620 4752
4149 4959
9592 6806
7016 1032
2399 2694
1387 6790
3841 9460
5375 1415
4284 5009
5822 3355
840 925
4306 5447
5259 3517
7708 6410
742 1412
4160 7435
6997 4429
5735 7212
1473 69
1219 7308
5584 2503
2926 6252
8765 661
7318 6552
5226 9499
8656 239
8276 32
2474 4586
3193 7919
2214 1631
201 2330
8603 471
8719 9397
9846 9240
6077 1963
9926 3464
1049 2000
9938 5828
535 2385
9924 552
4633 8767
6815 3639
4617 4465
9066 3114
2831 844
990 713
5921 8018
8868 813
4301 6293
5121 249
7301 496
729 8287
7133 461
3917 585
747 7355
2566 5625
5835 4601
1647 4542
2870 6128
9453 1953
8836 788
2491 9746
2257 3211
5956 8933
5630 933
4522 3531
2643 6980
7400 5150
9202 4296
1706 455
7260 8513
48 8167
761 1940
2008 9607
7491 9030
5748 2536
8561 8883
5663 1453
5227 2524
938 1517
6796 7839
2839 3876
8382 3141
7367 4838
8072 709
7301 1525
9733 3824
5878 7127
3044 6728
1179 5823
6486 3950
1341 2967
3758 4736
4923 6172
5955 7494
8044 7834
1633 2595
4494 1293
8857 7169
3647 1194
4462 2734
7273 1803
3267 911
8897 4216
7171 2609
4359 7817
776 1361
4167 963
361 7779
8518 5927
9035 9882
4230 2720
3556 4174
6894 8096
6172 1431
9511 5877
3626 3341
823 1004
8783 3706
691 5978
1483 2909
431 9548
6458 440
1450 888
144 1742
4032 2347
4573 7907
3508 5559
9266 5146
1260 6498
3829 6631
8974 1620
4658 3615
4003 1363
4268 3195
6684 221
2680 1402
3839 7379
4779 922
4890 1963
2630 9710
482 978
7659 2142
6013 1757
5713 7934
309 2215
7760 3817
1111 648
6385 1713
3524 1390
1457 1646
8488 3387
3955 9068
3862 5899
9937 9724
6383 5191
3288 3893
3793 1066
9527 1433
2444 2649
1096 5795
5942 9077
6141 614
8766 2456
9835 4274
5388 4478
1426 4034
8585 7366
5685 5109
3604 2950
4485 4085
2828 5029
9331 5685
2822 7234
7105 5041
6542 7767
2455 9290
7824 7843
3261 5026
5359 1381
2619 6313
8848 2060
2926 6997
5312 2018
544 1974
8803 7493
7175 4579
6264 9925
9136 4480
2156 4683
2790 5321
2384 6599
9089 1554
6795 1984
6782 2643
9110 9071
7730 4113
2322 4462
3447 7233
5586 9431
6821 8617
1297 7183
1792 3342
5907 8734
8190 5960
2725 5208
5714 9914
3528 1863
1974 738
7325 8002
5354 2388
815 5824
764 7899
8056 8524
6706 5501
8363 8761
5801 6084
6531 9444
8749 7498
5911 9073
685 4296
9945 5724
8803 9514
7677 2519
5516 8641
2134 5303
3616 7884
6877 1098
7172 8129
9023 857
404 325
9197 5069
1167 8068
2490 8648
6548 2893
8373 6997
2357 786
4501 7101
7241 608
6791 6627
9101 9836
4549 8911
3204 5224
3948 7979
802 2641
1451 9620
1461 1163
253 9338
914 7244
4559 4524
3554 6765
5625 9248
5982 7618
930 5995
793 4676
