100
10
98767
98767
98767
98767
98767
98767
98767
98767
98767
98767
98767
98767
98767
98767
98767
98767
98767
98767
98767
98767
98767
98767
98767
98767
98767
98767
98767
98767
98767
98767
98767
98767
98767
98767
98767
98767
98767
98767
98767
98767
98767
98767
98767
98767
98767
98767
98767
98767
98767
98767
98767
98767
98767
98767
98767
98767
98767
98767
98767
98767
98767
98767
98767
98767
98767
98767
98767
98767
98767
98767
98767
98767
98767
98767
98767
98767
98767
98767
98767
98767
98767
98767
98767
98767
98767
98767
98767
98767
98767
98767
98767
98767
98767
98767
98767
98767
98767
98767
98767
98767
