100
34
597
6820
425
715
5215
967
8177
8170
7219
999999997
999999999
999999998
9719
6482
7993
4532
4317
8240
834
1330
1731
3902
8296
8016
604
3983
5256
4157
6551
6262
2912
4304
155
9809
1667
1059
3711
1974
4879
3382
9479
9166
525
7347
2680
4210
5454
9384
4158
9783
3000
6976
6629
5363
6944
9948
1772
1273
9933
1702
325
5578
8764
6650
1893
3666
4577
9751
1554
8497
6403
3737
1896
4252
4785
1198
5851
2245
3817
5784
2498
2881
6121
2631
8175
9744
7240
3409
5790
1069
8982
8717
8103
2584
5888
223
4212
3097
1600
1770
