100
50
6444
3786
8115
5327
3506
9386
8755
5498
6220
5866
2076
3010
4704
2302
8432
1945
2256
1705
2273
4349
3105
9215
4293
1844
9028
9773
4378
1109
2574
4076
5932
2614
6010
7089
2210
1171
2957
3176
4226
5059
852
2615
7977
291
9248
7271
4864
5759
2362
4567
9583
5441
5185
2304
4863
6207
6754
3933
999999997
999999999
999999998
8798
9077
7912
981
2602
3332
6752
1357
7163
1061
6492
4907
7734
7098
8970
8842
3316
6933
1963
303
7381
4960
4760
8972
6047
6124
8520
7985
5716
1813
2378
8784
285
4853
1664
9693
7058
4956
4665
