100
10
4229
943
5985
4708
6957
6996
6382
336
688
3194
5304
6538
4072
8190
7174
9672
5305
3246
1055
6098
7773
4226
907
2659
1533
2804
4390
5258
4562
8729
5165
9407
6357
9546
2399
6738
2881
6694
6925
678
2538
2232
6651
8408
3430
7771
6723
67
5993
3849
9115
12
4601
4221
4585
7660
3207
7803
4687
356
1749
9986
4706
1518
3390
6035
1905
7335
2412
9111
2672
7601
1874
2854
905
5719
6782
5424
4225
6394
6425
6736
6306
9374
999999997
999999999
999999998
1184
6020
4462
4546
6560
7632
3470
6558
4123
8339
8249
2540
6074
