1000 906
901 107
532 901
358 532
447 358
651 447
613 651
133 613
761 133
910 761
669 910
318 669
673 318
521 673
169 521
326 169
882 326
505 882
905 505
321 905
597 321
759 597
929 759
354 929
197 354
131 197
41 131
222 41
16 222
140 16
91 140
429 91
799 429
342 799
190 342
870 190
298 870
279 298
27 279
166 27
256 166
113 256
724 113
757 724
884 757
430 884
915 430
563 915
927 563
691 927
983 691
948 983
158 948
229 158
117 229
36 117
116 36
120 116
353 120
751 353
31 751
402 31
276 402
590 276
55 590
622 55
793 622
735 793
680 735
933 680
464 933
363 464
965 363
535 965
982 535
796 982
655 796
481 655
278 481
332 278
130 332
466 130
708 466
51 708
455 51
770 455
899 770
45 899
818 45
795 818
615 795
56 615
787 56
44 787
525 44
223 525
633 223
401 633
893 401
187 893
311 187
206 311
548 206
768 548
174 768
384 174
702 384
939 702
428 939
523 428
811 523
334 811
105 334
53 105
937 53
971 937
644 971
224 644
274 224
488 274
506 488
944 506
617 944
349 617
947 349
75 947
210 75
86 210
70 86
491 70
489 491
230 489
580 230
698 580
302 698
319 302
806 319
290 806
242 290
235 242
191 235
763 191
424 763
412 424
832 412
483 832
654 483
194 654
784 194
167 784
121 167
303 121
620 303
875 620
711 875
990 711
377 990
266 377
28 266
791 28
413 791
260 413
913 260
127 913
570 127
288 570
270 288
339 270
616 339
991 616
867 991
972 867
209 972
232 209
142 232
565 142
77 565
890 77
165 890
820 165
458 820
46 458
484 46
934 484
677 934
766 677
542 766
836 542
800 836
390 800
640 390
431 640
714 431
588 714
189 588
967 189
891 967
722 891
790 722
921 790
275 921
556 275
690 556
405 690
80 405
816 80
829 816
869 829
379 869
473 379
475 473
456 475
661 456
320 661
368 320
74 368
54 74
674 54
834 674
823 834
986 823
717 986
868 717
57 868
688 57
739 688
648 739
705 648
155 705
706 155
93 706
97 93
183 97
72 183
89 72
781 89
514 781
756 514
560 756
67 560
19 67
403 19
337 403
207 337
845 207
215 845
292 215
150 292
652 150
364 652
385 364
33 385
415 33
188 415
470 188
128 470
940 128
596 940
543 596
854 543
233 854
1000 233
425 1000
697 425
780 697
594 780
579 594
551 579
612 551
876 612
624 876
217 624
444 217
287 444
904 287
938 904
534 938
434 534
656 434
511 656
767 511
14 767
572 14
100 572
701 100
883 701
855 883
357 855
539 357
35 539
997 35
636 997
544 636
814 544
111 814
477 111
252 477
738 252
782 738
396 782
903 396
713 903
524 713
699 524
359 699
685 359
272 685
840 272
912 840
681 912
445 681
865 445
329 865
742 329
911 742
202 911
528 202
718 528
555 718
577 555
978 577
980 978
322 980
783 322
614 783
432 614
478 432
306 478
369 306
125 369
495 125
960 495
635 960
500 635
226 500
871 226
995 871
336 995
715 336
812 715
15 812
132 15
968 132
533 968
989 533
258 989
82 258
977 82
398 977
825 398
283 825
737 283
879 737
60 879
108 60
918 108
801 918
950 801
382 950
777 382
96 777
628 96
941 628
314 941
686 314
383 686
79 383
392 79
39 392
762 39
273 762
976 273
889 976
897 889
366 897
849 366
788 849
463 788
726 463
352 726
172 352
208 172
678 208
658 678
575 658
896 575
963 896
894 963
745 894
637 745
957 637
607 957
822 607
351 822
101 351
138 101
833 138
748 833
239 748
540 239
196 540
443 196
410 443
65 410
729 65
267 729
710 267
411 710
106 411
277 106
547 277
386 547
285 386
346 285
365 346
195 365
476 195
558 476
641 558
17 641
943 17
90 943
448 90
310 448
501 310
627 501
659 627
104 659
809 104
846 809
257 846
864 257
754 864
139 754
397 139
675 397
24 675
773 24
486 773
244 486
935 244
416 935
973 416
255 973
64 255
94 64
331 94
604 331
872 604
394 872
240 394
293 240
37 293
530 37
512 530
689 512
221 689
827 221
519 827
348 519
731 348
804 731
286 804
43 286
657 43
755 657
826 755
970 826
465 970
294 465
932 294
40 932
515 40
956 515
304 956
592 304
315 592
507 315
536 507
984 536
502 984
61 502
730 61
282 730
961 282
48 961
76 48
917 76
663 917
603 663
830 603
728 830
668 728
862 668
695 862
885 695
234 885
517 234
212 517
974 212
271 974
926 271
813 926
794 813
327 794
805 327
21 805
180 21
930 180
552 930
906 552
850 906
371 850
317 371
987 317
9 987
807 9
725 807
198 725
309 198
709 309
581 709
704 581
549 704
499 549
608 499
474 608
269 474
480 269
378 480
11 378
297 11
102 297
236 102
587 236
400 587
629 400
993 629
243 993
498 243
593 498
213 593
923 213
201 923
246 201
154 246
824 154
694 824
985 694
164 985
381 164
241 381
861 241
922 861
693 922
376 693
584 376
653 584
898 653
964 898
345 964
170 345
280 170
367 280
109 367
92 109
482 92
810 482
259 810
295 259
418 295
115 418
582 115
888 582
716 888
765 716
407 765
779 407
634 779
907 634
268 907
676 268
324 676
119 324
250 119
441 250
988 441
591 988
778 591
228 778
362 228
602 362
786 602
564 786
546 564
136 546
199 136
545 199
245 545
29 245
513 29
490 513
877 490
184 877
815 184
541 815
469 541
925 469
916 925
159 916
7 159
373 7
683 373
886 683
734 886
73 734
586 73
265 586
647 265
281 647
998 281
723 998
880 723
453 880
374 453
952 374
919 952
440 919
181 440
38 181
969 38
185 969
452 185
859 452
975 859
642 975
439 642
163 439
144 163
247 144
423 247
848 423
437 848
308 437
639 308
62 639
740 62
129 740
900 129
360 900
449 360
797 449
299 797
485 299
727 485
571 727
192 571
305 192
831 305
662 831
561 662
847 561
461 847
422 461
52 422
578 52
874 578
389 874
471 389
632 471
771 632
178 771
325 178
237 325
248 237
32 248
684 32
468 684
665 468
231 665
399 231
569 399
460 569
49 460
958 49
69 958
8 69
774 8
605 774
645 605
26 645
928 26
835 928
450 835
672 450
63 672
372 63
330 372
313 330
6 313
161 6
12 161
752 12
135 752
510 135
999 510
626 999
84 626
254 84
404 254
955 404
141 955
333 141
953 333
712 953
503 712
387 503
59 387
769 59
887 769
630 887
576 630
496 576
438 496
124 438
220 124
454 220
611 454
962 611
338 962
177 338
419 177
981 419
176 981
219 176
20 219
866 20
420 866
741 420
954 741
406 954
186 406
992 186
892 992
692 892
421 692
5 421
81 5
134 81
50 134
736 50
951 736
99 951
562 99
931 562
537 931
838 537
760 838
263 760
344 263
2 344
842 2
682 842
179 682
600 179
204 600
433 204
126 433
148 126
87 148
253 87
323 253
638 323
409 638
643 409
388 643
518 388
395 518
151 395
623 151
143 623
25 143
610 25
858 610
841 858
34 841
851 34
819 851
328 819
844 328
340 844
860 340
687 860
146 687
493 146
393 493
347 393
589 347
262 589
71 262
137 71
200 137
42 200
853 42
341 853
361 341
214 361
157 214
492 157
852 492
856 852
526 856
649 526
553 649
451 553
85 451
307 85
160 307
618 160
666 618
103 666
147 103
776 147
13 776
631 13
427 631
936 427
47 936
261 47
909 261
650 909
828 650
472 828
4 472
744 4
487 744
22 487
700 22
497 700
205 497
554 205
508 554
609 508
284 609
798 284
123 798
211 123
417 211
959 417
175 959
583 175
110 583
216 110
621 216
920 621
289 920
343 289
802 343
479 802
145 479
442 145
733 442
789 733
251 789
350 251
435 350
316 435
857 316
10 857
696 10
264 696
173 264
249 173
732 249
646 732
114 646
182 114
380 182
171 380
667 171
671 667
238 671
566 238
538 566
457 538
301 457
979 301
568 979
335 568
520 335
573 520
550 573
559 550
557 559
764 557
296 764
83 296
775 83
391 775
821 391
817 821
719 817
599 719
88 599
522 88
408 522
291 408
881 291
436 881
567 436
746 567
459 746
945 459
924 945
112 924
66 112
625 66
58 625
585 58
509 585
516 509
355 516
837 355
803 837
942 803
225 942
606 225
996 606
758 996
946 758
598 946
312 598
375 312
839 375
149 839
843 149
531 843
660 531
370 660
300 370
1 300
750 1
3 750
356 3
772 356
23 772
153 23
914 153
18 914
122 18
529 122
193 529
68 193
98 68
679 98
720 679
792 720
118 792
152 118
426 152
949 426
30 949
203 30
873 203
504 873
601 504
878 601
446 878
808 446
494 808
902 494
619 902
721 619
743 721
895 743
462 895
703 462
747 703
168 747
966 168
664 966
227 664
156 227
707 156
162 707
994 162
908 994
414 908
467 414
749 467
95 749
863 95
78 863
670 78
218 670
574 218
785 574
753 785
595 753
107 595
570 527
