1000 993
683 212
714 683
842 714
668 842
753 668
993 753
823 993
421 823
958 421
610 958
536 610
793 536
125 793
163 125
142 163
809 142
995 809
385 995
346 385
53 346
785 53
544 785
84 544
414 84
721 414
902 721
407 902
231 407
427 231
122 427
467 122
212 467
407 454
407 875
875 728
407 724
407 626
454 232
407 569
407 623
454 77
407 433
623 464
407 95
407 61
407 217
407 295
407 432
407 552
407 613
875 226
407 860
407 114
407 873
860 777
875 359
433 228
407 294
407 883
407 579
407 652
579 121
407 547
875 677
407 429
407 68
613 474
875 718
623 509
652 892
873 741
407 477
875 598
407 864
547 633
429 397
407 279
407 47
407 713
407 278
279 62
407 773
61 747
724 461
407 241
579 733
429 219
407 309
407 772
623 770
241 822
407 321
407 45
407 986
407 471
407 505
986 774
407 727
407 574
407 494
95 924
95 581
454 656
407 177
407 757
68 327
278 662
407 921
407 564
471 141
494 932
407 285
407 708
494 998
407 191
45 2
177 5
724 491
454 526
407 961
407 363
321 525
407 475
407 594
407 239
309 430
279 601
708 364
407 90
773 743
579 402
407 38
407 297
407 100
407 463
961 180
407 835
626 663
407 190
772 113
505 615
407 424
407 660
407 216
407 632
407 746
626 18
407 551
660 861
835 154
407 415
217 66
407 794
407 104
295 730
321 293
295 103
217 457
407 565
217 410
552 456
875 172
407 849
407 927
407 4
574 200
407 621
407 801
321 150
4 500
463 310
285 171
407 82
407 703
217 347
407 681
407 888
746 91
713 894
475 227
477 419
574 631
921 645
407 145
407 665
564 619
279 16
621 992
295 459
407 700
433 266
613 64
407 994
82 348
177 313
407 705
407 404
407 245
407 462
363 213
297 586
407 316
700 322
407 534
407 715
216 56
407 874
407 985
505 542
191 422
104 423
68 52
407 11
407 96
961 17
11 816
407 314
90 800
407 26
564 36
407 193
660 829
407 804
407 257
217 259
95 546
407 246
407 813
475 976
407 908
114 87
986 624
407 824
407 361
477 392
407 947
404 401
407 879
908 341
424 258
407 587
407 576
407 959
921 94
407 592
407 931
660 10
407 8
191 521
407 910
190 893
860 391
986 153
404 844
407 595
407 158
652 133
424 58
407 997
145 847
407 117
997 799
407 381
407 946
407 355
407 357
407 918
724 173
114 670
407 7
727 805
407 298
860 651
407 243
407 112
407 333
90 189
407 611
407 339
407 175
794 340
407 329
407 315
407 599
715 890
361 702
927 138
407 201
407 657
407 197
875 966
910 179
407 236
407 716
104 865
407 983
772 265
38 176
407 44
407 134
462 92
986 767
599 373
407 417
407 508
879 35
114 149
407 412
68 382
407 42
38 550
82 442
477 107
407 144
197 815
197 686
407 147
417 965
407 485
564 555
407 184
407 607
407 337
407 335
813 233
193 836
417 692
407 901
407 237
407 308
475 482
407 15
407 682
407 778
407 277
407 737
184 71
407 679
7 971
243 252
407 527
407 128
415 502
485 178
407 608
986 568
407 136
873 516
407 127
42 748
986 405
576 195
746 299
407 379
564 845
611 435
565 284
329 444
958 754
754 307
307 88
958 912
958 390
307 869
307 486
869 443
912 102
443 450
869 436
88 531
390 791
754 571
88 539
486 766
869 752
450 639
486 580
869 585
450 81
639 497
639 729
958 250
754 350
869 832
729 687
88 922
486 745
687 358
450 204
497 856
390 312
88 653
450 208
869 854
81 863
854 507
958 685
497 558
497 637
88 399
204 920
558 704
88 853
920 352
958 825
958 169
250 318
958 369
250 701
958 862
704 629
729 940
81 270
169 199
629 75
539 775
558 933
585 194
390 735
958 640
358 332
869 152
754 742
358 418
752 383
653 837
869 40
507 157
358 455
152 512
958 55
701 518
752 311
832 484
88 105
933 288
958 281
518 852
88 782
912 630
869 928
307 948
358 830
250 907
958 881
940 760
75 262
497 328
443 529
958 573
418 882
486 563
443 694
88 616
629 996
443 269
629 884
760 468
270 736
863 562
262 846
830 287
208 710
262 118
616 109
497 848
288 732
854 895
455 776
869 342
262 953
729 606
629 481
262 706
571 506
288 249
262 476
920 72
507 781
685 230
332 406
558 131
606 126
270 384
958 267
194 859
287 675
863 301
869 43
455 353
848 409
940 591
497 605
958 528
859 255
940 240
281 196
760 387
262 666
126 445
920 870
825 395
445 618
81 814
81 465
791 161
562 354
196 673
311 768
882 978
395 167
958 140
825 524
332 85
958 603
161 27
486 511
281 589
940 709
884 952
518 23
952 261
814 784
262 828
958 238
675 696
131 139
589 891
832 37
940 330
996 79
270 97
262 764
862 305
706 955
920 583
328 69
955 183
920 375
183 248
958 376
948 970
933 50
704 437
248 826
639 886
863 609
710 224
603 51
912 349
955 533
528 425
75 234
50 54
497 941
948 434
533 553
704 362
791 63
287 960
476 34
826 943
940 326
709 991
248 370
846 282
249 513
358 647
139 186
895 210
370 188
952 936
370 604
465 851
882 638
960 850
639 556
952 877
287 223
826 707
40 560
694 878
282 470
443 900
573 982
943 711
766 919
79 336
553 600
186 680
332 866
826 938
234 283
768 206
370 205
616 143
920 625
848 520
167 570
81 620
878 584
468 858
711 253
328 548
938 942
553 86
69 755
673 60
86 74
513 271
349 99
336 904
513 726
938 643
904 646
952 977
643 39
851 503
250 975
188 469
643 338
262 963
603 264
707 659
556 593
86 739
620 499
859 492
86 693
434 280
470 545
768 929
469 951
287 841
951 451
75 926
468 80
506 937
469 174
837 187
895 24
328 388
174 345
970 460
706 762
72 695
929 868
975 972
261 517
445 980
640 221
545 168
330 838
958 530
517 654
828 688
680 744
248 973
210 905
545 25
86 649
958 89
425 137
882 575
640 843
50 207
904 380
841 803
600 588
625 676
511 720
86 967
826 515
948 490
143 819
234 684
960 242
369 712
34 802
571 896
224 319
280 366
238 612
973 447
248 290
486 371
575 578
766 917
139 377
55 678
131 220
640 22
960 374
345 325
486 964
955 543
208 489
618 386
325 771
469 857
469 59
168 523
157 617
248 590
771 129
129 725
129 519
455 254
174 722
325 950
895 572
896 897
744 644
802 272
50 669
643 222
434 431
248 317
272 939
673 256
688 906
881 622
325 453
688 400
129 148
545 296
838 229
591 1
881 535
950 641
643 182
771 449
891 209
476 538
118 540
545 672
148 268
696 108
325 33
264 46
325 661
311 111
268 780
97 602
148 962
290 510
280 731
338 885
34 537
878 554
962 797
962 522
643 472
472 807
369 987
958 834
406 372
437 73
572 658
470 14
853 664
60 247
325 790
55 635
99 719
832 478
287 215
744 567
726 57
661 949
33 855
644 909
725 974
14 988
223 3
188 320
641 101
958 452
725 344
548 49
325 691
958 480
49 806
886 935
39 300
386 411
591 98
325 331
617 292
661 19
939 441
34 956
919 31
353 749
206 650
771 899
548 916
537 458
97 566
982 202
366 76
199 642
962 561
588 758
19 413
855 160
643 334
384 135
148 132
224 9
399 787
885 945
140 323
132 872
57 275
451 356
453 495
935 671
222 1000
318 944
545 20
282 324
545 914
183 446
451 655
522 763
567 403
566 214
3 549
958 12
654 697
571 351
390 627
980 756
680 723
704 634
223 396
215 21
896 106
268 483
39 582
950 990
19 889
561 304
356 734
685 557
790 792
706 408
109 769
267 903
553 699
324 689
458 225
853 6
287 303
320 880
194 116
281 876
519 717
408 367
304 306
899 124
697 164
367 808
1000 260
214 203
362 559
792 496
220 440
790 979
451 923
387 438
33 867
199 365
859 740
330 954
338 839
497 596
57 198
990 504
706 70
712 789
763 170
990 759
548 343
704 428
974 274
351 360
242 812
304 29
132 818
320 761
582 289
24 211
31 146
60 811
449 898
912 821
538 166
519 235
33 110
472 398
14 827
148 120
198 394
380 648
561 911
556 738
440 840
116 30
911 159
955 820
356 817
943 151
518 368
469 614
853 276
970 783
151 416
697 420
319 251
906 13
110 185
110 833
328 115
427 667
667 577
610 439
610 887
439 244
439 41
610 674
610 698
610 83
610 389
610 981
231 155
155 181
231 969
181 32
231 501
155 493
501 393
393 984
32 263
393 810
263 466
155 93
466 514
155 989
231 957
810 968
231 796
231 488
989 192
181 913
493 473
466 65
393 291
493 597
263 479
231 930
231 541
231 487
514 130
155 636
130 48
514 690
231 779
779 999
48 871
871 28
263 751
48 628
984 915
28 795
871 532
122 426
122 378
122 273
426 925
122 286
426 162
426 218
122 788
122 165
122 786
786 123
122 934
421 498
421 78
498 765
421 67
346 302
346 798
798 156
798 119
798 448
798 750
798 831
