1000 651
88 155
262 88
810 262
432 810
651 432
807 651
396 807
72 396
981 72
575 981
134 575
505 134
760 505
391 760
970 391
339 970
866 339
825 866
236 825
211 236
864 211
266 864
773 266
48 773
677 48
670 677
169 670
645 169
303 645
386 303
293 386
194 293
1 194
302 1
82 302
427 82
22 427
854 22
896 854
285 896
264 285
18 264
155 18
236 123
123 731
731 383
236 947
236 400
731 962
383 906
731 166
962 558
906 935
558 29
906 584
731 805
947 744
558 308
29 503
29 622
29 669
558 124
503 298
503 32
298 778
731 676
906 374
778 478
962 719
124 125
400 861
584 268
861 679
676 775
236 648
744 914
298 502
719 926
298 143
123 472
236 378
125 462
236 300
861 964
778 149
166 361
744 868
125 552
552 927
236 642
361 638
143 993
775 152
29 535
642 837
236 729
462 578
400 178
962 694
775 458
775 606
927 192
676 919
935 475
298 696
502 325
535 599
361 473
962 984
236 930
325 337
778 689
236 742
337 698
919 559
744 780
698 222
378 531
222 104
698 8
104 185
462 715
698 376
337 181
775 925
742 127
236 106
104 750
676 713
642 455
689 500
462 160
642 649
106 272
104 439
337 888
888 216
861 847
104 304
222 23
694 146
888 356
935 551
216 141
361 232
599 371
649 840
337 200
439 428
236 252
104 974
376 20
888 665
192 697
236 883
993 186
428 842
236 434
500 512
649 877
502 63
178 438
551 347
842 534
236 189
186 457
181 629
143 13
502 678
304 910
698 57
742 826
125 865
104 334
559 834
347 753
842 344
141 112
268 667
428 821
252 450
236 283
678 526
181 532
112 261
20 210
344 99
192 915
283 542
371 520
915 71
304 468
526 545
865 467
842 538
475 274
71 956
551 884
689 798
378 509
298 718
63 844
468 451
868 610
8 891
236 188
32 785
551 872
744 321
694 417
842 311
376 808
842 733
71 456
805 375
99 113
232 45
236 626
534 369
236 39
123 133
532 899
698 987
113 819
610 461
300 295
71 887
261 723
236 853
344 349
919 197
371 796
361 21
526 822
532 793
694 701
347 425
984 506
451 102
13 174
648 412
679 466
236 485
197 431
718 949
551 393
13 975
450 684
884 544
884 871
552 590
993 212
428 348
113 7
20 671
393 746
910 607
337 673
261 429
113 69
822 135
542 755
123 420
473 952
987 164
626 813
805 634
429 682
216 163
69 882
962 116
369 784
321 275
374 260
439 486
104 243
304 917
877 874
429 598
584 151
638 406
113 206
808 415
174 278
784 251
371 336
861 812
236 345
778 900
667 154
993 514
775 68
882 963
57 960
900 994
679 728
236 901
151 804
906 360
598 175
949 221
963 229
963 740
412 19
882 98
124 317
216 977
304 333
963 709
188 601
186 121
927 549
917 139
376 70
349 604
376 463
69 95
236 342
143 488
236 762
439 237
178 982
598 294
151 273
175 446
298 384
882 182
175 941
899 776
69 199
606 118
243 931
7 659
113 385
141 972
334 394
378 585
229 137
236 75
545 56
175 735
673 568
891 700
883 953
383 484
728 219
472 359
20 644
746 316
236 38
385 153
348 632
236 609
609 419
56 350
348 225
135 530
709 240
385 3
534 416
746 943
236 230
229 165
348 205
70 769
882 452
20 979
237 245
842 556
715 654
598 30
679 246
452 903
32 495
993 326
240 231
344 560
359 363
956 739
348 86
793 107
139 381
953 583
975 727
452 820
530 365
665 830
347 110
780 448
673 525
428 85
632 873
903 5
917 978
709 442
735 324
888 443
219 358
604 138
118 426
532 277
917 878
153 958
509 471
165 948
888 625
948 217
349 732
723 248
727 435
231 664
659 790
659 685
153 299
974 577
456 291
236 301
141 54
556 265
538 759
649 980
701 94
69 341
138 170
333 797
252 640
139 213
667 343
732 74
416 539
506 196
697 215
732 270
212 897
265 712
698 627
153 779
199 827
153 965
779 203
219 905
236 40
545 635
456 832
236 843
30 496
797 46
486 515
127 204
251 487
19 788
709 289
798 354
149 387
732 494
416 959
321 738
417 190
137 367
826 869
671 631
719 717
631 408
19 569
872 829
834 105
759 533
956 180
174 799
669 403
958 743
844 938
461 209
649 789
607 870
121 407
578 287
153 49
953 122
123 936
776 571
135 410
832 436
46 838
217 550
236 859
598 536
837 942
948 835
192 894
367 593
137 867
509 818
98 933
3 995
901 238
266 187
266 764
187 628
266 588
588 895
266 833
764 397
588 51
764 985
266 41
764 675
266 276
187 602
833 418
764 330
276 957
187 939
266 202
588 214
266 763
266 492
187 770
266 198
588 16
266 836
266 564
266 688
266 587
198 129
266 247
833 501
564 898
266 130
266 681
266 355
266 720
688 950
266 373
266 312
266 641
641 208
266 148
681 857
266 574
266 633
266 4
681 892
266 145
373 767
145 658
266 855
148 787
688 234
688 989
198 831
641 93
266 529
187 929
266 79
266 996
587 168
266 570
266 307
266 235
833 80
373 357
266 614
266 848
266 497
266 284
266 954
235 306
266 388
266 946
266 25
247 621
946 255
266 937
588 421
855 630
266 338
266 513
266 26
833 117
266 1000
187 724
833 27
266 973
266 389
41 639
266 395
198 228
529 918
4 150
833 841
633 433
266 516
266 686
148 156
148 663
266 707
266 879
633 653
266 561
266 928
561 757
266 331
266 572
763 161
266 254
266 761
266 259
266 904
266 758
266 862
266 794
686 479
266 445
855 480
266 722
130 908
266 328
973 507
26 335
266 845
328 409
266 666
266 672
764 84
235 613
266 781
266 372
266 966
266 510
937 580
510 699
686 916
564 43
266 58
845 239
794 657
266 201
266 809
879 81
904 449
395 934
266 705
266 314
266 801
763 912
266 945
266 460
254 695
266 541
572 322
266 656
284 519
996 708
761 59
266 860
4 668
266 637
879 615
266 280
845 226
564 716
266 469
266 704
4 92
307 951
614 279
686 477
280 592
266 382
637 465
266 424
266 754
266 811
259 24
266 352
266 920
169 491
169 258
258 499
491 50
491 318
491 422
169 430
258 109
169 77
169 791
169 162
169 12
12 851
791 144
491 76
77 447
77 850
12 176
258 768
169 611
169 555
169 690
169 522
430 158
169 661
169 493
169 792
555 576
661 786
169 783
12 207
169 55
169 890
55 600
169 856
430 2
791 745
430 126
611 976
169 824
792 253
661 608
258 87
555 998
169 62
169 756
890 464
493 305
890 990
169 377
791 119
62 267
77 880
169 647
169 771
493 693
169 591
377 803
771 940
62 643
792 390
555 233
792 147
55 171
169 815
591 140
783 368
169 909
162 579
169 923
169 183
427 749
427 257
427 11
427 674
11 401
427 961
427 60
674 220
961 128
749 737
257 687
257 482
11 702
427 816
427 167
961 474
427 991
749 902
961 73
257 290
427 911
60 28
911 476
167 907
427 508
816 563
11 6
427 624
427 706
624 721
991 596
427 159
427 528
991 366
427 806
167 483
961 971
706 44
427 263
427 567
427 296
674 594
427 17
11 323
427 537
427 481
427 195
427 741
991 748
427 269
911 969
427 612
427 346
427 660
961 37
427 817
427 96
427 34
991 47
612 353
427 441
427 131
34 814
817 636
346 766
427 747
427 734
427 78
257 157
427 616
427 582
257 543
34 547
195 193
624 889
427 703
441 725
427 292
481 683
195 362
961 241
749 392
427 31
911 242
427 340
31 751
741 595
747 61
346 227
616 983
427 800
441 913
427 691
131 310
567 402
749 540
427 223
269 315
427 968
582 565
427 999
427 282
528 103
264 680
264 177
680 297
680 364
364 752
680 655
655 90
297 191
655 411
411 52
411 100
264 404
177 546
404 523
52 650
680 852
364 309
264 711
650 772
264 454
411 179
650 399
650 714
399 184
650 42
650 83
655 286
83 573
655 327
752 646
573 692
264 423
573 281
454 863
404 922
650 380
714 33
752 256
680 967
852 271
423 988
404 581
896 351
896 10
896 893
893 35
896 9
896 823
302 846
302 586
302 114
114 440
440 370
370 562
370 111
562 524
302 955
440 736
736 992
524 765
111 101
114 921
302 319
562 553
765 108
992 504
114 774
774 605
114 652
108 67
774 886
992 91
921 517
886 795
108 224
955 288
992 489
108 849
849 782
992 172
114 414
370 173
302 554
108 521
108 527
605 858
111 313
313 244
302 730
782 839
302 490
992 249
82 437
82 986
82 597
82 881
82 320
82 65
82 405
65 332
320 876
82 944
82 66
82 710
437 777
437 802
944 329
710 924
82 518
82 620
82 14
82 53
597 64
881 618
82 875
944 132
710 453
881 97
82 136
82 142
677 498
498 828
828 250
498 548
498 623
250 398
398 617
617 566
623 115
398 603
566 413
828 726
617 36
566 15
36 885
677 444
566 89
566 120
498 662
115 997
498 459
548 589
677 218
828 511
760 619
760 470
619 932
619 379
807 557
