10000 4919
9512 1517
2307 9512
1517 2307
2307 3648
2307 4619
2307 4622
2307 5310
4622 8660
2307 7950
2307 231
2307 854
2307 1494
2307 2519
4619 5288
2307 1765
7950 8436
7950 5720
1494 545
2307 4194
5310 8105
2307 3030
2519 260
2307 8099
2307 2878
2307 5537
2878 7117
2878 3992
2307 5429
2307 2064
5537 8405
2307 7227
231 2754
2064 4161
4619 8433
2307 806
2307 6952
854 5662
2878 7901
2307 2998
2307 1414
2519 4081
2307 7072
2307 9402
8099 3349
2307 7729
2307 5798
5537 6504
2064 5038
2307 4433
9402 5756
2307 5446
2307 8152
2307 9957
2519 6775
2307 7017
2307 1178
2307 4223
2307 5503
2307 2587
2307 2419
6952 5041
4433 5804
4619 8251
2307 641
2307 2769
2307 1854
5503 9388
1765 2553
2307 4818
4194 8805
5310 5372
641 238
2307 208
2307 7285
9402 2061
7072 6384
2307 6762
1854 5110
2307 976
2307 9758
2519 354
7227 6412
1494 9407
2307 3581
2307 2054
6952 126
4433 8963
2307 4249
2307 4108
2307 2600
6952 5363
5503 7865
9758 9492
2307 4822
3030 1653
641 1412
2307 274
2307 6545
2519 3699
5798 6667
2307 7650
2307 3964
2064 6711
4249 8636
2064 5333
2307 8110
1765 120
2307 5064
3030 6156
9758 9358
2419 9630
2054 2953
2307 1707
4619 5420
4194 4597
4818 9271
1414 3188
2307 4725
2307 3090
2307 9898
2307 8668
2769 1639
2307 9087
1707 1713
2307 611
2769 7731
4622 3671
2307 8077
5064 1028
2307 7920
2307 6337
2307 8065
2307 9185
7017 3475
2307 5407
2307 5483
2307 7065
2307 8729
3090 5170
2307 3335
4818 8509
4223 3771
8065 8934
5537 1847
2878 2661
2307 7945
2307 1213
976 8160
2307 4173
2054 3857
2307 653
2307 6967
2307 4688
8668 7008
8065 7174
2307 3660
2307 7642
2307 7668
2307 5335
2307 8401
854 2520
8077 1173
854 8487
1178 2523
4822 8294
8077 8857
2769 1320
3581 3550
2307 6414
2307 9351
5310 162
2307 6755
2307 9746
2307 4992
7065 5776
5537 9387
2307 1902
2307 5595
2307 9892
8077 1600
5503 174
9351 3960
2307 1204
6414 7812
2307 3954
2307 8765
2307 5916
8729 3255
274 2862
1707 4205
4818 1611
6952 9203
4992 9862
2769 168
4173 2697
2307 4456
2307 246
2307 4731
2307 6027
2307 2892
8765 4918
2307 4235
2307 8013
2307 1941
1414 8313
4725 4531
2307 5185
2307 5400
9758 6839
2419 2086
2307 8739
2307 6122
2307 146
2307 2188
5064 7160
641 7079
4433 6309
1204 3794
7285 7767
208 2532
653 6671
2307 9972
2307 2541
2307 6856
2307 8036
7017 3967
2307 6300
2419 4426
1494 9701
2307 8307
1854 9137
5185 7583
3648 4780
7065 7031
1941 9739
2307 7907
2307 2782
8013 5773
2892 710
5429 3976
2307 7022
2307 6663
2307 9620
2307 3769
7650 9147
2054 5666
231 5939
8099 1456
2307 4332
2307 4282
3660 356
2307 6001
8307 5098
2307 1375
2307 3804
2307 2511
2307 9867
7945 9724
2307 4755
8729 6090
6967 8575
2307 6721
3335 2789
9972 3548
6856 9893
3954 9026
2307 3326
2307 3288
2307 661
5429 1249
2307 3438
2307 327
2307 5166
7729 5567
8401 9722
2307 6961
2307 3088
2307 758
2307 2864
4332 8512
7945 2005
2307 4310
2307 1101
3438 2714
8729 161
2307 3132
2307 9566
4725 2682
976 1245
2307 757
2307 5421
9746 5106
2307 1136
806 7933
854 5484
2307 2075
1375 1741
2307 498
8668 1278
8110 3267
2307 1695
2307 9969
1414 6028
2307 4995
2307 8079
4755 9540
1707 1572
7017 8531
2307 9623
611 2720
5537 8648
2307 3150
7945 1904
8065 1416
2307 9378
1204 6537
4194 1117
2307 1762
2307 1939
6961 5241
6337 8749
2307 5572
2307 3227
7950 2468
2419 6815
9185 4203
2307 6476
7017 7282
3326 1167
2307 6507
2307 98
8307 6032
5421 67
7907 3463
9746 4842
2188 8669
4995 3226
2307 3362
2307 18
1375 6499
2307 417
4433 16
6414 8716
2307 8449
4235 2151
2307 9344
2307 2844
2307 4875
4822 8791
2307 8349
8065 7989
6122 2013
4622 1563
806 1712
8739 4774
2307 8212
2307 4239
2307 462
2307 5906
9972 3482
8077 3642
2307 5361
3581 4734
9344 9260
2600 4795
2307 2189
2307 1303
9185 9000
2307 5027
2307 384
2307 9912
2307 4714
2307 3301
3088 1507
9566 9345
1902 5969
4755 7494
2307 5505
2307 428
2307 5101
1695 188
2307 6136
2307 4521
2307 704
7227 2023
2307 1177
2307 4086
4108 2289
2307 8565
4619 3290
2307 1722
2307 3553
2307 3862
2511 2457
2307 108
2892 9645
2587 1932
2307 2561
3326 9955
2307 2673
2307 69
4521 4293
2307 3148
3581 7581
2307 9965
2307 9766
8565 9561
9623 1011
2307 9842
8739 5306
9746 1048
9972 4154
2307 7866
2307 6191
2307 8710
2307 4284
5483 4817
2307 8624
2307 1019
2307 4735
2998 2306
854 7293
9972 1161
2307 9834
2307 9679
2307 7723
9378 7821
2307 346
3132 8972
2307 1155
2307 5538
3030 922
2307 6498
2307 5977
2307 4962
2307 7566
2307 6887
108 8883
611 8246
2307 5904
5101 9841
2307 4961
3132 4880
1213 6429
2307 9988
4173 2876
7668 7276
2307 6894
9378 1323
7642 7740
6122 4379
2307 8210
8624 1898
2307 3104
1213 8113
2307 7041
9972 2658
2307 9177
2307 612
2307 501
2892 590
7650 9135
2307 7687
18 4578
2307 647
7920 6608
3227 2245
2307 6488
2307 5889
2307 9150
9972 5463
2307 8177
2307 1516
661 6542
2307 5967
5185 5577
2307 4428
2307 8445
4456 4533
2307 5803
4284 6914
2307 464
5595 5810
8210 8629
9988 7291
6887 2994
2307 5915
2307 60
9378 7480
108 3449
2307 4476
2307 1247
2307 117
5185 7078
462 1357
2307 6686
2307 1032
1136 4023
3326 8448
2307 4593
2307 7660
8036 5147
2307 2408
2307 3323
7642 7759
2307 9542
18 8339
2307 1069
5483 7203
8079 2653
4622 9414
2307 7303
3148 2890
2307 987
2307 8631
4822 8198
2307 7493
5310 7243
2307 5497
1939 7895
2307 8352
2307 4616
2307 2807
384 9595
2307 6134
2307 1440
146 4398
8077 5358
2307 8289
2307 9971
117 367
8449 5171
2307 9594
2307 5664
231 8050
274 6120
6545 494
1032 8522
2307 5914
5407 598
2307 6635
4284 964
704 1421
2307 6091
1854 561
5497 7366
6476 966
6887 6486
2307 9308
2307 5581
4755 7221
2307 9456
8065 3153
8445 1716
8401 1358
2307 3601
2307 8216
4456 2006
2307 1593
2075 8508
2307 9331
6887 7703
5361 5371
7729 6112
2189 217
7945 8916
2307 6159
2307 1152
2587 3554
2307 3461
9308 6019
2307 3628
2307 3733
2307 7159
3461 4579
2307 4356
6300 7839
2307 2752
8449 6375
2307 4291
8079 7702
2307 3060
2307 6738
3088 7606
2307 1113
2307 3871
146 6990
2307 4243
5914 4687
2307 8924
2307 149
2307 7921
1902 2858
9758 2353
2307 3627
5915 1095
6507 2379
6507 4555
6507 7951
2307 5533
8036 3678
2307 7271
2307 3880
5533 5320
641 6765
2307 6747
8445 8419
2307 8758
2307 2708
2307 9477
3648 8962
2307 6965
2307 1739
2307 2423
2307 9962
2189 7224
2307 1109
2307 145
2307 5254
2307 3707
7729 1605
2307 2525
2307 7735
7642 7877
8216 1988
2307 8416
8624 3717
2307 1738
2307 5433
9566 6634
2307 6228
7866 8524
6300 6037
2307 20
6488 9579
2307 2359
2064 8131
8624 5964
8307 4066
704 1409
8668 6799
2307 4
2307 9702
2307 7937
2307 8651
6856 5189
2307 1587
2307 4227
4818 5755
2307 1304
2307 2632
1113 6485
2307 22
6738 8319
69 3396
2307 1747
2307 3470
2307 3684
2307 7244
2307 1797
7735 381
2307 7163
6967 6376
2307 6824
2998 1835
8758 3171
6856 9286
2307 1435
8416 7257
2307 6301
4282 4772
2307 1350
2307 5231
2307 7998
2307 3657
5967 2586
1494 3506
1739 2043
2307 5658
2307 4314
8110 3164
2307 6753
2307 8750
2307 1990
2307 4536
6894 1650
4995 660
7285 4246
4243 2242
4173 9685
5798 1075
4433 9255
6027 9901
2307 6012
3660 797
2998 7589
8750 2329
2307 7898
2307 6146
2307 1430
2307 1156
2892 3849
2307 3480
1303 9305
3601 7209
2307 4167
2307 5036
2307 4949
2307 3831
8624 377
3362 3800
2307 3441
2307 2635
2307 7010
208 9759
6146 5981
4962 6449
4108 4707
2307 2732
7227 2255
3769 5924
2307 6682
9594 476
2307 1969
5254 8010
5433 7261
2419 4386
9972 234
2307 3477
2307 3698
2307 655
2307 6345
2878 3050
7898 5396
2307 3711
7950 7230
2307 8186
2307 1297
2307 4712
2307 8174
2307 8354
1178 8040
2307 3828
4822 5745
2307 4686
2307 28
384 3423
501 8612
2307 4232
2307 7453
2307 3287
661 1666
2307 7503
2307 3952
2307 3299
60 5143
2307 5354
2632 4412
9566 3865
2307 3078
2307 9198
5231 2209
3461 7760
346 6926
3804 431
6967 8275
8750 8423
2307 4577
2307 7501
2307 4523
2307 9354
28 5801
2307 7006
9988 8559
1990 4383
2511 8052
9623 336
1939 3818
2307 1693
2307 2346
3477 5230
2307 736
5166 307
7945 5011
149 4251
8174 5822
2307 2952
2307 1103
4577 1184
2635 5007
2307 4760
2864 4323
2307 2801
2307 5257
2307 8905
2307 6446
1155 2121
2307 2181
5407 3721
2307 8280
5497 5621
2307 6617
2307 2850
2307 4917
1156 716
2307 683
8210 8635
18 6937
8212 9234
208 5587
149 1623
2307 2223
5537 5342
2423 3126
2307 5469
2307 9393
2307 2115
8624 455
2307 6770
2307 1313
2307 2501
384 5527
2307 8942
2307 7952
1113 5255
8668 9560
7729 7981
4992 843
5429 6165
4577 9132
655 9373
7998 148
4686 7273
2307 7721
8445 5380
6488 5902
5533 7526
2307 6025
8758 4630
4239 1980
3769 2474
3553 6083
2307 7671
2307 2652
2307 3825
2307 7368
2307 847
2307 1954
2307 4526
246 2444
1101 3591
2307 604
8651 7964
2307 2460
2307 7119
2307 8902
2307 2243
2307 7563
2307 9027
1177 396
9456 4690
7898 6308
2307 3756
2307 3008
7493 4762
8905 6757
5503 2267
6682 1831
2307 2015
2307 4168
2307 2818
2307 8542
2307 4474
208 1294
4227 3017
4616 4701
4714 1060
4714 9674
2307 284
8631 8903
6747 6263
4725 3616
3627 359
2732 9325
2307 4903
7271 3621
2307 6567
2307 9848
1797 4694
2587 3453
757 7623
7660 9329
9308 9439
2307 2155
2307 9703
2307 1620
7227 4610
2307 9409
5254 1828
2307 6076
2307 5642
1593 6005
4282 56
2307 5140
2307 2494
5595 3998
2307 2554
2307 2000
1304 5066
2307 6975
2307 1680
3964 3577
2307 3174
2307 1263
2307 6237
2054 4215
604 8786
1156 1955
2307 2695
7453 6265
2307 1770
5429 4199
6091 3424
6952 6260
2307 2737
6498 7318
2307 8788
2307 639
8765 3792
2359 4396
2307 3982
18 406
2307 4603
6476 9873
2307 3886
2307 5594
3954 6455
2307 7427
2307 7249
2307 814
5967 8381
2307 3918
2307 7842
5361 5926
417 7752
2307 5047
3174 1022
2307 7580
2307 461
2307 7649
2307 4770
4616 3108
3441 6605
5906 7638
2307 6718
4173 1131
3707 8734
2307 4493
2307 8437
2307 5794
7427 3894
3030 1858
5533 8823
3825 3916
5166 7647
2307 7854
2307 3259
5421 1429
6414 7360
612 1710
758 2657
2307 9399
3438 7980
2307 1655
5915 1461
2307 6620
2307 1376
2307 2313
2307 9416
2307 5422
5446 1515
2307 4467
2501 3023
2708 392
6345 9582
4712 8781
6134 1478
9378 3701
2307 6830
9867 7054
2307 9564
2307 9530
6025 3015
2307 8812
5101 5438
2423 3162
4 3622
2307 9850
5595 5033
2307 3985
2307 7586
3627 7392
2307 505
2818 4905
2307 9908
2708 7634
98 5819
2307 6252
5335 3388
2307 7596
2732 3609
8739 5455
9898 5298
2307 5612
2708 5953
417 2822
5497 5260
2652 7576
2307 9175
2307 2390
2769 603
2554 4084
2307 2883
2307 4802
2307 107
2307 7088
5047 1039
2307 9333
2307 6217
2307 9769
4593 7118
1707 809
2307 3912
9308 9241
2307 5435
2307 5888
3174 3229
2307 8653
3323 748
2307 7946
9416 2787
2307 3934
2307 2319
1177 9843
2307 7365
2850 1779
2307 9870
2307 7652
2307 664
2307 7967
428 3084
2307 1110
7580 7754
1738 8394
6414 6259
2307 8906
2307 3136
5335 3820
1350 659
2307 5693
6721 4495
2307 199
2307 8097
2307 3217
2307 8782
2307 4872
664 6130
2307 5005
6300 5897
758 4672
2307 6661
2307 7577
1247 2914
2307 440
2307 7439
2307 5978
2307 1553
2307 4894
2307 2947
2307 3593
2307 9180
2307 3867
2307 6169
2769 7990
2307 9671
2307 123
2850 1264
2307 352
2307 8583
2307 3221
6146 4091
2307 3760
9870 3696
2307 6934
2307 439
2307 5045
3227 6903
7244 7666
2307 585
4760 4439
4239 2417
2307 3742
2307 6307
2307 259
4894 4937
2307 9554
2307 3903
2307 6763
2307 7554
2307 9619
7723 718
2307 3809
2307 6271
6753 3433
2307 9276
8565 8670
7921 3037
5310 9221
7249 5384
3760 7167
9027 7904
2307 9897
2307 2910
5422 5434
1854 649
2307 2699
8653 5516
2307 3516
9679 6457
7723 6828
274 2633
4536 9791
1765 5579
3903 466
149 6996
2307 3448
2307 6031
7159 4384
7907 1258
854 6293
2307 2820
7920 9548
2307 3827
9477 3044
3288 5766
6307 9956
757 3118
2307 3574
7566 7698
2307 4221
2307 8725
7671 8211
8725 1406
2307 5364
2307 1549
2307 6244
2307 6619
6952 129
2307 8451
2307 3209
2307 4626
2307 1883
2307 1403
2307 4588
2307 3286
2307 9947
3104 6905
2307 646
2307 4987
2307 3392
2307 7887
5469 2983
2782 682
2307 6500
4291 5085
9564 2912
9867 3529
8788 3768
2307 7857
2307 714
2307 9380
2307 4510
2307 4362
2307 2546
1109 9642
2307 3285
2307 3692
2307 7430
8765 8756
2307 1160
2307 9651
6755 4097
2307 9990
8186 2509
2307 227
2307 5020
7729 5286
3326 8587
9620 6264
3516 1557
2307 4201
2307 3172
2307 6245
2460 9672
5977 5042
2307 3980
2307 6125
1178 4745
8077 7448
2307 9051
2307 2440
2307 5546
2307 6311
7642 6072
3880 2980
2307 40
2307 5117
3299 5293
384 1529
6718 7207
8079 2218
2307 9911
2307 5519
2307 7125
2307 6123
7580 848
2307 948
2307 8931
8542 4442
4221 4741
2188 8363
428 2967
5977 4601
2307 4685
2460 5264
2307 7517
2307 5992
505 457
259 7414
2307 3300
2307 8226
2307 1682
2307 8261
4822 9616
3769 2636
1680 6744
2000 4425
2307 1381
2307 190
2307 4904
7887 3469
2307 3556
145 2448
2307 4647
7244 3312
2307 4929
736 4744
2307 3332
2307 4629
2307 1923
2307 6342
8653 9973
3692 8878
2307 4419
9990 450
2307 5308
2307 300
4622 2760
4476 1535
2307 7212
3150 1260
2307 1886
4221 4496
2307 6877
2801 735
2307 2264
2307 9992
2307 6268
7907 1864
8079 9468
1762 6434
2307 5158
4310 905
6252 4540
2307 9525
2307 3798
3684 8947
4356 6344
2307 2828
7586 8049
3733 7855
5915 7537
2307 1037
9402 1963
2307 2269
6311 6972
2307 5267
2189 2107
2307 6648
4917 6497
6271 3908
7041 1544
5361 5459
5977 3767
2307 925
4714 5399
8765 7067
2307 4175
5546 1585
8110 5731
2307 9624
2307 2066
2307 9223
3259 1425
1587 8278
2307 4469
2782 1848
2307 7462
639 2727
2307 6403
2307 5048
4725 9054
2307 6328
2307 4613
9380 3344
1440 4793
2307 8899
2307 2137
2708 7400
6403 2179
2307 9269
9623 9240
6244 2515
7642 7681
2752 6327
1695 8236
2307 7762
2307 9610
2307 8671
3912 2792
2820 5517
1350 5123
7967 5000
4755 1877
2307 5820
2952 1333
2307 6356
2307 3325
3300 480
4725 7616
9671 3295
8097 7471
9269 9632
6268 8220
7580 6239
2307 6474
2307 6688
2307 8818
2307 3073
2307 8879
9870 5496
2307 520
704 6529
2307 299
758 8714
9530 4628
7072 1147
2307 9585
3259 8393
6076 6288
2307 6752
2307 9891
2307 2205
2307 1536
9585 75
3285 7297
612 2260
2307 6810
2307 8245
2307 9041
2307 1989
8349 9778
6403 4594
2307 3669
7439 9182
1883 6418
3684 470
2307 7334
2307 7829
2307 9379
7721 2356
8565 9106
4536 2159
2307 135
6738 8495
5977 5809
8542 1418
2307 5932
9769 8723
2307 7382
3657 6413
2307 2207
2307 4026
3769 9970
2307 5281
7493 6242
2307 1480
2307 7235
2307 6038
2307 2406
6635 408
2307 9571
2307 9250
2307 9035
2307 8460
7382 2263
2307 1496
2307 8965
2307 4931
1549 5842
2695 7467
2635 6835
6125 4642
2307 8357
9671 9612
2307 1850
4962 7009
2307 3246
9897 3560
7503 1643
8668 2150
2307 1543
2307 1531
7907 473
2307 4325
2307 4319
1682 8276
1435 4699
2307 651
2307 3881
2423 9781
2307 6009
2307 2976
7235 503
2307 3716
2307 3872
4086 8403
2307 2596
2947 5002
2307 2766
2307 2649
2307 7974
9702 1014
2892 5633
259 2894
7041 8480
2307 4471
2307 9263
4526 2248
1693 3426
208 9817
2307 3526
2307 8950
2189 4198
3954 5844
2307 7515
7729 9433
1297 3709
3078 2016
2307 9047
5820 8255
2307 5602
2307 6732
3288 7172
4249 97
3982 9549
2307 3683
3288 4831
9047 2453
4201 3379
22 6401
2307 1169
40 5513
3881 3058
2307 2441
2307 4889
2307 9583
1883 7643
2307 6220
2406 3216
2307 8039
3136 334
2307 9022
9992 4518
2307 6599
9263 9082
5914 3926
5361 2244
5407 3797
2307 9715
2307 6760
9223 3781
7163 418
8739 3237
3286 4340
2307 5730
3090 737
2307 5207
2307 9967
2307 4217
2307 8464
2408 5823
3756 5788
7857 5691
2307 2712
5977 6074
3867 2829
2181 2781
8357 9527
2307 3193
3716 6483
2307 8380
2307 3691
9530 524
3172 5498
5906 2748
2307 3969
2307 8042
2307 4943
8788 6516
1160 6015
4929 3464
2307 2747
1593 1520
2952 8793
1213 6391
4822 3266
2307 3415
2307 4317
2850 578
9703 6870
661 6148
2307 6519
2307 338
8261 1211
2307 152
2307 3854
8110 4336
2307 8028
8449 4431
2307 3757
2307 2969
2307 6844
9679 5326
2307 453
4593 6295
4319 1100
2307 5606
6414 1824
2307 4283
7652 6708
2307 4627
2307 924
7668 8516
2307 6289
3684 8832
2307 1498
2307 2691
1707 1809
2307 2995
4469 3129
18 10
2307 7304
123 8557
2307 8795
2307 5376
4108 6884
4731 5668
2307 9092
3952 7468
2307 1448
7857 7189
2406 5152
2307 7627
9223 7040
5483 2347
2307 4874
4818 1373
2307 907
2673 8218
2307 465
7235 6638
2460 8045
2307 8976
3259 5934
3438 5725
2307 1473
6342 5629
6268 4321
3809 2187
8289 37
2307 2294
2307 9063
300 5598
2307 3502
2820 2888
2307 7592
2307 6141
1549 8209
6760 5901
2600 8189
2494 8004
4283 1364
3918 8428
2307 5424
2782 4126
2307 6043
2307 3712
2307 5639
2307 9253
2307 4815
7586 6186
465 3393
5606 887
2307 3630
2883 7069
6738 6670
2307 5988
3448 6911
6446 3604
2307 4005
1473 8552
2307 6029
2307 6756
2307 7882
3217 2803
1593 6730
2307 2348
4987 6315
9092 9219
2307 1127
2307 7269
2307 871
2307 6685
2850 1575
146 8869
2307 2055
2307 5830
1553 8937
2307 3899
5914 2547
2307 9343
2307 4165
2307 2974
2307 5987
18 4696
4577 4130
2307 9045
2307 959
5978 4809
2307 407
8924 2409
2307 2935
5117 6809
9619 1627
2307 2138
8725 2926
462 2101
8280 3722
3825 6469
2307 2982
8950 517
1593 2571
6031 1773
2307 5841
2307 7113
2307 858
2307 2809
2307 4076
2307 6104
1739 1016
2307 3791
2307 7004
2307 4800
7577 4236
2307 6776
2307 9023
1939 3946
2307 7378
2307 6274
8289 904
8099 7699
2307 4611
7503 4786
1136 2176
1156 8568
2307 4940
7563 9860
2307 1906
5916 6161
152 207
2307 7045
5841 550
9848 8080
5904 7305
4755 4064
2307 5179
2307 6603
2307 4972
2307 2507
2307 6628
2307 1795
2307 1239
9175 3047
1587 663
60 9652
440 8132
2307 82
3335 2165
6191 6916
6271 2510
8565 894
7303 4357
6301 1058
9897 7016
2307 9985
6012 2861
9041 2579
2307 4564
1747 5365
3969 2317
7580 7876
1037 6583
2307 9232
1543 8732
9897 2794
4356 2604
3760 541
2307 5937
8174 6399
3854 9413
2307 2464
2307 6892
108 9496
7649 9934
4165 1354
2307 963
2307 7685
7501 6106
2307 2087
3008 3584
2307 1891
2307 6150
6289 6665
2307 3645
2307 9109
4770 6137
8174 5053
2307 2815
2307 5917
9525 6060
2307 1010
5546 3524
2307 6652
2419 5343
2307 3515
2307 8925
2307 3345
2307 4333
2307 468
2307 9922
2307 9692
2307 2738
4686 9136
440 404
2307 382
9922 4113
2752 5724
7627 909
5064 2163
6076 1714
2307 7766
417 4558
1113 8064
2307 5799
4332 7336
2307 1618
2307 1905
2307 5001
3502 1018
246 676
8624 8030
2307 1274
2307 3869
2307 9710
8245 8907
2307 9108
2307 7507
2307 6053
2307 9721
4731 1788
6892 8798
2307 878
6738 1984
2307 3099
2307 866
3831 2275
2307 3489
2307 8397
3742 8957
6038 4586
2307 9963
2307 6592
2307 8564
2307 3110
2307 2942
2307 1523
3286 4563
8451 2618
2307 4316
9354 1977
6599 1692
2307 7656
2307 3035
2307 7917
2307 6969
2307 6206
6628 308
28 2750
2307 9285
2769 2601
7580 3472
7065 2203
6237 3750
2307 2479
7937 3010
2307 3009
9710 205
2307 1257
2307 4700
2307 5599
2307 3315
5639 4570
1435 8835
8401 286
8354 4781
5469 8336
2307 8577
2307 1745
2307 5196
683 4482
2307 4960
6191 5667
2307 741
2307 9861
9150 2026
7244 5697
1618 1970
1403 5767
2307 3206
9623 2381
2307 441
2307 7711
2307 8567
2307 264
2307 3835
4961 6426
2307 4460
1381 2033
7271 4365
5364 3631
2307 6491
4194 5415
2307 9649
7566 8431
2307 599
1707 9537
2815 3114
2307 8026
2307 2566
4688 9104
2307 6864
2137 7444
8653 3570
2307 7637
9542 2927
2501 5574
5992 1341
5693 778
2307 941
2307 559
2307 6366
2406 9046
6027 5531
2307 2594
6686 8112
2307 5868
7563 9763
2307 9840
2307 1027
7244 489
8812 7216
2307 1467
2942 9412
2307 3633
2307 650
4428 8638
2307 8502
2307 3945
2307 9171
123 3182
5978 7645
6123 3688
5519 187
2307 5778
878 3356
5906 4507
2307 2157
5231 4304
2307 4004
2652 2272
3502 6509
2307 7793
2307 49
3707 1951
5868 3070
2307 9273
8905 1628
2307 3799
1523 1286
2935 3201
2307 3194
2307 7658
2307 2111
2307 8802
9769 5055
2307 8333
2307 2521
2307 2191
9378 6523
3669 387
2307 9812
8451 319
1745 272
2307 2924
4227 7992
2307 45
505 374
2307 3248
2307 7344
2307 1591
6975 9767
2307 6566
3809 2693
4961 8895
2307 3802
2828 7798
651 3612
2307 6432
5799 5232
2307 9966
2307 3146
2307 2570
7004 6719
2307 7965
2307 7364
1247 6102
7006 1191
2307 6595
2307 7600
2974 1438
7365 7996
2307 7313
2307 7608
3323 5800
4419 3704
3912 2270
2307 5165
2307 9859
2307 2110
3742 589
2892 5287
7586 5162
2307 343
7017 8563
4603 3018
2307 445
2307 7710
2307 2168
2307 5089
2307 7281
4802 4497
1152 9071
4521 6696
2307 5063
6345 7629
6567 9822
9185 2436
2307 475
2892 6216
2307 1284
2307 7841
352 5129
2066 6941
5606 5159
2307 182
2307 686
2307 3603
2307 2216
2307 2183
2307 9547
2307 6099
7656 5035
2307 5704
2307 9347
5446 5893
2307 3653
1620 1470
2307 2922
8564 6788
2307 6712
2307 3571
9912 6647
2307 1036
2307 850
2307 8270
2307 9709
145 7035
2307 353
2307 2352
6091 5753
1430 2795
6150 1546
6268 5840
2307 8024
9180 5716
2307 2355
2922 6866
2307 5781
1883 743
2307 9062
2307 5018
2307 3263
2307 7815
2307 6601
1303 5317
2000 180
2307 6888
3008 8056
2243 9694
2307 4491
2307 7639
2307 1387
2307 328
2307 2742
2307 2971
7439 6030
5581 6316
3323 9101
2307 4106
7650 8790
9285 5192
152 3397
2307 6681
2307 9879
2307 1930
2307 4055
2307 8864
2307 1329
2307 1616
3881 9145
505 6587
2307 7121
49 430
7364 1449
2307 712
2307 4841
2307 9110
343 6680
2307 2442
461 4186
5446 2759
2307 6997
190 236
2307 923
2307 657
7668 1590
2307 563
190 197
2307 5323
182 819
2307 1874
2307 4160
2307 793
2307 9556
2307 1321
2307 6901
2307 6779
1902 1750
2307 7977
2307 6153
2307 5300
1531 1279
2307 3170
3760 1128
2307 9735
9870 504
2189 5991
2307 706
2307 8133
2307 6882
2307 3665
1156 6532
2307 5256
2307 7025
8671 2656
1127 5789
7517 9140
6997 2533
5185 7252
9177 9453
2307 6299
2307 8940
2307 9647
5594 6219
1274 6573
2747 6546
2307 1781
2307 9615
2307 1686
2307 4670
6892 8450
2307 4051
7313 7406
3756 6735
6952 5391
475 1528
7507 122
9180 8395
2307 3492
2307 6527
5519 6840
1695 1374
2307 1837
3831 5097
2307 3499
6732 1678
2307 1086
655 5021
2307 9946
2307 3600
2766 2640
9766 533
2307 1942
2479 8658
2307 7725
2307 9036
2307 9814
2307 8033
4616 8115
4685 5397
5323 2030
2307 9148
4564 2986
2115 7141
6053 8707
6830 4288
6099 6564
2307 9151
2307 3045
2307 3856
1854 2126
8416 2597
2111 6334
1954 248
2307 5413
6252 4717
2307 2019
2307 798
7212 719
9702 7348
2307 1316
2307 4788
2307 65
2307 696
7974 1921
2307 8023
2307 518
2307 1548
2307 9960
3934 3105
1886 7641
2307 8908
2307 2225
6491 2835
2307 1929
2307 3439
2307 2481
8216 7432
5906 3904
2307 4908
1531 2196
9840 863
2307 344
2307 1104
2183 7397
2307 5744
2307 294
2307 8600
7269 8058
2307 8913
2307 5894
2307 9126
925 2810
2307 1175
5179 5849
2307 968
2307 3493
2737 6470
2307 4716
9840 6077
8577 5678
8023 4500
2307 9958
343 4641
1496 4054
847 1102
2307 4188
6031 3686
6414 8887
9958 4457
5300 3339
6342 1226
2307 5017
9679 5644
2307 5236
5537 1957
5185 4823
2307 8434
2307 333
2307 1608
2307 3085
1850 1790
441 4407
146 4043
2307 12
2307 2389
3193 5362
2307 4107
107 2477
1239 1805
7729 4328
2307 6143
758 5690
2307 9485
7762 1326
3912 1385
6595 5853
3174 1981
2307 9933
3903 5679
2307 9952
6237 8019
5323 223
2307 9103
2307 1005
9045 4580
2307 8155
4333 1866
3461 1855
9333 8233
520 9350
2307 4989
2307 72
2307 3038
2307 216
2307 6246
2307 5852
3571 4136
6274 8966
2307 1439
9922 2814
9554 7417
3628 5520
2307 4301
2307 4659
2307 8377
8906 9641
2307 8456
7762 3371
9110 7042
2307 8273
2307 101
2307 171
2307 9741
2307 7536
2307 1483
2307 953
2307 759
2307 3821
2307 92
2307 2634
2307 6705
107 7470
2307 2989
7025 7188
2307 5761
2307 8142
2307 3852
9223 1700
2307 9857
2307 7993
2307 8731
7729 5290
6685 3403
7517 1787
6894 4726
2307 9264
5446 8351
4433 2688
9285 4705
2307 2108
4670 9138
2307 6351
9814 7848
2307 2513
2307 2589
2307 1126
3711 628
5027 348
2307 3076
2632 2422
3945 9849
2307 7169
7917 8008
2307 9916
3627 8150
7235 8593
2307 9999
5937 8048
2307 2593
2307 9065
2307 4409
2307 163
2307 5805
2737 2881
2307 2434
2307 479
3691 426
2307 9866
2307 371
2307 643
453 2642
2307 4572
2307 5226
1284 7156
8456 1772
2307 1803
2307 623
2307 3610
9967 9216
2307 2973
4201 95
6901 7674
2307 10000
2307 9310
2307 9765
2307 3218
2307 2268
2307 9084
2307 5925
7227 1521
2307 5675
72 3486
4223 4123
7998 2918
2307 2350
2307 3394
8631 3420
2307 6011
5889 2309
2307 613
1941 1275
2307 9162
3060 5382
2307 4262
2307 9816
7974 9044
2307 8804
3088 7473
2307 4863
2307 5482
2307 8693
2307 7037
5001 8453
1543 1415
2307 2788
3760 8063
2406 39
4291 9130
7766 8237
4201 3350
2307 5025
2307 1081
2307 6772
2307 6915
2307 1253
2307 6560
2307 3803
2307 5900
9175 8722
2307 4337
7453 11
274 8018
2307 3071
7841 4429
9898 3765
2307 523
2307 5331
2307 2175
6488 2362
2307 2605
2307 9258
2307 2717
9867 2504
8731 1003
2307 8305
9343 1411
9062 7287
2307 7918
6887 50
7025 6921
2307 4617
2307 7445
2419 5563
2307 1042
758 782
7563 7474
1854 7260
9620 5058
2307 6188
3871 5604
2307 7959
6220 1217
2307 6073
7121 3913
2307 3022
2307 2681
2307 7143
475 9170
2307 4445
2225 7478
2307 9102
2307 5740
9393 1135
2307 1035
2307 8672
6169 6693
4863 9599
2307 1843
2307 7195
9703 5150
2307 5272
2307 2646
2717 5357
2307 4604
2307 2772
7600 9283
2307 7275
3090 3092
7977 8139
2207 6677
2307 9306
5001 4085
117 9499
3601 8746
2307 5614
4564 981
8401 2941
2307 3568
2307 4415
2307 184
2307 4472
2307 4993
2307 4462
2307 3446
2307 6513
2307 3408
1042 2895
2307 8580
2307 8217
4894 2659
2307 832
2307 4320
793 7309
2307 201
1304 4790
8036 949
2307 1119
3799 4794
2307 3521
2307 7028
2319 4560
6043 3738
2815 3443
2307 1622
2307 1556
2307 4814
9816 2366
8174 297
2307 1345
5400 1662
2307 5742
5761 2143
2307 502
2307 1806
2307 744
4760 2603
1152 9708
9671 3594
5794 8695
2307 7772
2307 1861
7364 5589
2307 3695
5925 3342
7950 4765
60 9291
7649 3191
2307 5494
1494 9665
2307 8898
2307 456
2307 9352
8377 8478
2307 9728
3045 1945
6029 326
2307 8022
5308 6267
2307 5277
2307 3656
2307 4295
5740 7860
6712 9983
6864 1832
7195 4509
2307 2733
2307 9509
4818 549
9250 7256
5868 2283
2646 9491
2635 3528
2307 3936
8280 6411
2307 5749
8725 616
2307 1195
976 952
2307 2723
2307 4253
2307 8429
4415 3978
2307 5688
2511 9833
2307 2797
2307 7482
2307 9569
9023 2685
2307 131
6474 2470
2307 5613
2307 529
445 989
4622 1782
2307 2053
2307 1214
2307 7625
9530 2884
4493 7944
7656 2700
9023 3793
7304 7133
2307 9078
1874 1053
2307 68
2307 5201
2307 4285
651 9994
2307 5271
2307 6535
2307 1200
8352 6016
6091 9644
9051 8959
1136 1995
468 1660
6975 8231
6031 7713
2910 2874
8802 993
171 5859
5483 17
9715 3200
6366 1646
4107 9717
518 9320
2307 2079
7815 6836
2307 2469
294 3543
1906 220
2307 1015
68 7569
5805 1046
2307 4009
9051 9489
2307 1609
3798 3731
1403 4348
7159 1614
8565 7015
199 4657
2307 3659
4285 5521
2307 1699
2541 4958
4619 9125
5987 2049
9908 4377
3869 1424
2307 9639
8097 7558
5165 9634
2307 5892
2440 7460
2307 1603
2307 1956
2307 1045
2307 6400
2389 1659
2307 7084
6967 140
6001 2148
4626 7957
9857 5409
2307 6
2307 7595
2307 9884
6244 833
2307 6909
6476 8353
2307 9929
9850 1339
9150 3525
2216 6185
4460 4899
2307 6335
2408 3145
2307 7450
346 7438
2307 5541
2307 378
2307 1145
9990 9163
9702 8295
2307 54
2054 7534
2307 3465
2307 62
2307 2473
2307 3723
2307 2007
2307 5139
4616 298
8429 211
2307 7154
7998 8826
6620 7111
2307 1065
5308 395
2307 5989
2307 4727
2307 7135
7977 5718
2307 4032
2307 6109
832 2224
3438 4891
2307 6326
6652 9372
2307 882
2307 8259
2307 3311
2307 7612
5185 3445
8913 5136
2307 2744
2307 7940
2646 8610
7382 522
5852 1085
3299 1420
9087 1331
9102 7644
2307 4263
7625 2401
7344 5454
2307 6424
2137 7912
2307 855
8354 4759
2307 3158
2307 570
1214 4240
2307 5464
2307 9587
2307 2576
2307 1915
4232 5418
2307 8554
4 1090
6635 6800
2294 3968
2820 6055
2307 4738
2307 5428
2307 7375
8950 8085
7998 7716
1350 9478
2307 7218
2307 6442
2307 7935
2596 729
2307 296
2307 1751
2307 9457
2307 7810
686 4600
2307 4363
453 1542
2307 6390
2307 2369
3757 2713
4472 1863
2307 6298
2307 3832
2307 5269
2307 5860
2307 4306
2307 7259
4727 5451
5989 9370
3038 2534
2307 9978
2307 4520
2307 5414
2307 6438
6681 4664
2307 3389
2307 3855
2307 6163
2307 9067
1923 7662
2307 4489
3803 7390
8099 159
2307 3937
7952 1139
6961 4952
3099 8374
2307 6700
2307 492
2307 6607
2307 2817
7378 9732
2307 7692
1304 1308
9171 5296
352 9621
5335 3939
2307 9131
2307 1975
3193 7727
2307 2765
6400 2591
6909 9021
6779 376
6122 6312
5841 5562
2307 2394
9861 5197
6206 3505
2307 9220
2307 4913
9087 3324
3259 2058
704 6938
2307 4534
2307 2147
2307 6525
759 6350
352 8494
7004 4632
2307 2044
9084 243
2570 89
3934 4911
4160 6290
2307 4636
8026 1047
6915 6317
2307 3196
9232 8116
2307 2487
54 9775
1027 9718
2307 9217
741 8195
2307 5353
6535 938
20 4427
2307 5647
2307 2217
523 8075
2307 2812
3516 3236
2307 8684
2307 2872
4262 9059
2307 3002
2307 7663
4108 4756
4223 9278
2307 5903
2307 3271
2307 701
2307 2308
2307 7446
3733 5205
6403 7808
1145 7479
2982 318
2307 9677
9402 4459
2307 1314
2307 6530
2307 1584
2717 785
2307 7555
8788 6923
6268 6261
2307 7823
6488 9541
2307 5952
2307 622
9253 1499
2307 1506
4253 1706
2307 8191
2752 2806
9258 2010
371 9030
3656 8641
757 4826
2307 1629
2307 7300
3521 7385
2307 1248
2307 9312
2307 2128
7163 2083
3969 2158
2307 4401
2307 8471
2307 7396
6603 6389
2307 7844
2307 1974
2307 5876
9379 5466
4731 1116
2307 4477
2307 6569
7125 9176
2307 9498
2348 9727
6123 3859
3707 1417
2307 6655
2307 619
2307 3385
6134 5927
2766 366
2307 8741
1584 645
2307 2647
8741 990
2307 1972
2307 2778
2307 8703
9978 1717
2307 309
2352 5542
1843 7492
2307 2555
6969 9193
7998 6980
683 1254
296 1465
3288 1982
9175 9300
4534 7166
2307 3025
7227 7774
7227 5050
8668 4811
2307 9070
2307 5502
2307 2449
3286 3693
9547 2718
9710 2461
2307 8439
2307 7420
294 7246
2442 1598
2307 261
8788 3787
2307 6171
4647 1460
2307 9385
9258 4311
2307 9670
2511 774
2487 8196
7555 5588
2307 3224
2307 8753
2307 6908
2307 1319
2307 1961
7766 7540
2307 7604
4086 7560
2307 6505
4604 3412
2307 6000
2307 8170
2307 9371
22 121
492 9058
622 4178
2307 330
4106 1569
4725 9100
2971 9771
3653 3741
1065 636
6738 4270
2307 3884
2307 9673
9673 3720
2635 7051
2307 5797
3742 5576
2307 2259
2307 840
6442 1392
2307 9365
4310 5341
5639 9809
2307 7435
5987 1701
6268 6539
2307 7953
9126 940
4647 6224
2307 8759
4320 9596
2307 9462
2307 5887
2307 7819
9594 7722
2307 6322
2307 5532
8024 3000
2307 2500
4577 7330
2307 3310
8377 8634
9556 2619
5503 4200
9457 4936
2307 6221
5020 6540
5140 3183
9988 8407
2732 6198
2307 3589
2307 1484
2307 1505
2307 3232
2307 5130
5503 7280
2307 885
2307 9366
4107 3700
2307 783
3980 6142
744 7635
2307 3531
2307 1132
1695 5087
3531 6138
6029 8159
5257 8615
6038 731
5606 9289
2307 7325
2307 3614
2307 6541
2307 5282
6301 8576
4325 2503
2307 5386
2307 1013
2223 1144
2307 2915
4688 3069
2307 4947
2307 8425
2307 5301
2307 9287
4333 4681
2307 4423
2546 5950
2307 692
9352 6950
309 2201
8174 8493
2307 4461
2307 4983
2307 1087
2307 3679
6686 5775
2307 7026
2307 8025
2307 6787
7945 6409
2307 7732
2307 1073
8651 9500
4863 8941
6252 3488
1523 7982
2307 6033
2307 8417
2732 9815
6217 6520
9498 2135
2307 920
3174 1346
5271 3167
3614 821
2307 5659
2307 9165
1974 3889
6620 2162
2307 6282
7396 5760
2307 9567
5781 332
2307 7539
1113 7751
1036 7064
2307 3179
2307 496
4333 2572
3871 9764
2307 157
2307 5408
6171 94
8065 733
4491 6613
3760 605
5376 9252
5952 6064
2307 9432
2307 1290
9512 8890
9512 9991
9512 3779
8890 6052
3779 4827
9991 5922
3779 6614
9991 9636
3779 6461
9512 1539
3779 2370
9991 329
9991 7237
9512 5172
5172 3718
1539 2113
9512 402
9512 4768
9512 1129
9512 9346
4768 1839
9346 3776
9512 1804
8890 6548
9512 9270
9512 6898
6898 4267
1539 6876
1129 2100
9512 1705
1539 7419
4768 6347
9270 7852
4768 8534
9512 2221
9512 3007
9512 7958
5172 8203
9512 5605
3779 7083
9512 6666
5172 4397
9512 617
9346 6502
7958 873
4768 4151
1539 1798
617 2081
9512 4652
402 4935
9512 9389
402 2407
9512 7758
6666 8463
6666 3950
4768 2996
9512 1815
9346 3919
9512 9903
9512 4342
9512 1983
9270 5928
9512 6082
9512 669
669 2204
669 1768
9512 2857
4652 5250
9512 7105
9512 845
3779 7331
9512 4492
9512 1998
3007 4468
9270 7328
845 7093
9512 24
9991 90
7105 811
9903 7520
1815 3316
2221 4955
617 1472
9512 891
9270 7502
4652 8344
9903 1540
669 8673
7105 7571
845 422
6666 9381
4652 9139
6082 1202
4342 6285
9512 5895
1539 8242
845 6679
9512 1208
7958 3230
9512 1088
9512 5299
5299 5276
9512 5737
1705 5268
9512 6849
9512 6582
9512 4861
9512 7232
9512 4127
4127 4351
9512 9098
5299 150
9512 9237
9098 3619
9270 7129
9512 7048
9512 484
9512 8230
9512 1555
9512 2452
9512 7776
5605 7657
9098 7263
9512 7134
7758 1926
9512 1703
9512 5758
9512 8379
9512 6222
9512 2340
9512 766
9512 3836
9512 9445
9512 3994
9512 711
9512 7926
9512 3509
1804 7386
2221 5093
3779 7351
7958 1711
5895 9784
9512 7653
8890 5782
6666 5443
9512 8862
9903 6720
891 609
9512 5051
9512 357
9512 3993
9512 9748
9512 3860
9512 7708
5051 8176
9512 538
1088 970
7232 3764
9512 5425
9512 8467
9237 2933
7958 7543
9098 5863
5895 2042
9512 2552
9512 7222
8862 6963
9512 9590
9512 1343
6082 8469
9512 572
9512 8858
9512 1808
7105 7814
9512 6323
4127 5394
8858 8009
6082 2913
711 9514
3836 1617
9512 8675
9389 4591
9512 3096
402 1342
1539 5882
3007 9719
9512 8317
9512 2386
7776 851
8858 1445
9512 3900
1539 9894
9512 8776
9512 9726
4127 9976
9512 2139
9512 6448
7222 1631
9512 3381
9726 8811
357 9321
3381 8767
9512 8533
8890 7363
9512 5263
9512 8779
9512 1238
1129 3346
9512 6035
9512 6266
9512 5713
9512 3157
9512 5125
1808 5855
9512 3282
9512 3739
1539 6139
5737 5871
9512 7880
8379 862
6222 1021
9726 2595
8890 9927
7758 5204
9512 7020
3836 4909
9512 4094
9512 728
9512 930
3860 3168
9512 804
9512 596
9512 2651
9512 6572
9512 3735
8379 4447
3993 3819
3994 1012
1983 3512
3157 7753
9512 3155
3779 4140
6222 2488
6448 8657
1703 4973
9512 6450
6572 7976
8230 9780
8675 562
7232 8343
9512 4860
9512 656
1804 4614
9237 4132
9512 2234
7232 6590
8862 6368
5605 9209
9512 86
9512 8100
4094 877
845 6981
9512 8051
9512 7399
9512 169
9512 9792
9512 7358
9512 4204
9512 4897
9512 1130
9512 337
6323 8848
9512 4390
2386 4048
2452 6600
9512 9207
9512 3123
2857 2025
1088 956
9512 6728
2386 6195
9512 2745
6849 2146
5605 1114
9792 691
9512 70
9512 6606
6582 5447
3735 3576
9512 7096
3007 5813
9512 104
1088 9123
4492 2852
9512 3256
9512 5026
9389 3637
8779 8340
9512 9218
9512 784
104 4131
9512 1856
3155 3887
7232 8893
9512 8029
6572 8745
9207 7570
9512 7618
9512 2627
8467 9518
8533 2761
9512 7620
86 7856
4127 3620
9098 5522
8379 8632
4860 198
4342 9434
7096 6734
9991 2247
9512 4014
9207 6018
9512 6066
9512 4420
9512 9532
9207 8325
9512 3347
4860 6431
9532 2826
9512 5453
337 1179
8858 6580
6606 5134
617 6080
9512 5831
9512 7451
6266 3549
9590 3732
9512 7306
9512 6977
337 3944
9512 7510
3256 3573
538 7654
4014 4330
9512 5182
766 7402
6572 8860
4127 4368
8317 2889
9512 6821
2234 9088
9512 1273
9512 8244
2386 4639
9512 8096
7776 8980
9512 8221
9512 1493
6035 6912
5605 3100
9512 5715
4127 4524
9512 2556
7758 8573
6572 47
6066 859
728 4837
9512 2130
9512 3189
8029 2333
9512 3569
7232 2581
3007 8062
9512 9839
7776 3974
1703 3636
9512 8971
6035 1636
9792 1979
9512 9143
4492 7354
9512 5237
9512 7562
7618 8642
5737 3303
8244 1287
4342 9375
9512 4988
9512 8016
4127 4605
4390 5866
9512 9980
8221 2164
9512 2621
9512 4742
9512 5998
1555 9876
9512 8505
5998 8501
9218 9756
8467 4834
9512 2384
9512 8238
1804 5791
7510 3687
9512 6190
8379 6010
9512 3283
5758 566
9512 3737
9512 3907
5715 8321
5125 9342
9512 2875
3282 7387
1804 5406
9512 6454
9512 4171
6728 4382
3123 5462
9512 5040
9512 5208
9512 4058
5040 3305
6082 5886
9512 1330
9512 8981
9512 9921
2221 3031
9512 3140
9512 2228
5125 2106
9512 769
9512 3258
9512 1436
3737 3963
9512 6226
7958 9190
9512 8485
9512 3253
9903 3595
9512 7678
9512 7486
9512 746
9512 2071
9512 2958
2958 8706
7708 4923
9512 1644
9512 5561
1330 6388
5425 4040
9512 7148
9512 4075
9512 4706
9512 4650
9512 139
9512 575
9512 7191
9512 7206
9512 9201
804 9505
9512 4272
9512 567
5026 8091
9143 3212
9512 1733
8505 8574
4742 7986
4390 6397
9512 6891
9512 4334
6266 6014
9512 3766
669 3152
9512 5349
7105 1476
9512 2327
7510 9790
3735 9134
9512 4501
2221 1351
8051 3390
9512 5480
2071 7412
357 1759
2384 2701
1703 7461
3836 2698
9512 8232
8779 4678
9512 4229
9512 474
9512 4256
9512 2650
9512 9788
9512 6006
9512 2592
9839 1463
9921 6079
9512 1691
4014 9795
5182 796
3569 8513
9512 527
8029 4547
9512 3789
9512 303
8981 9789
9512 5793
9512 6456
9512 1595
9512 5910
6977 5714
5299 6002
4256 1187
9512 7870
1595 2117
9512 901
6849 2610
9512 5833
9512 3161
711 8752
3253 1715
139 5615
9512 2614
4492 6631
9512 8992
1808 3313
9512 630
9346 8799
3253 9687
4420 739
7020 5070
9512 3487
4171 560
9512 8952
9512 4120
9512 8122
9512 3948
9512 4061
9512 5638
9512 954
1539 1985
9512 9332
6222 5010
9512 4959
24 4364
9512 1971
8952 7377
9512 385
9201 9005
5895 9392
5638 2212
9512 7598
6222 7709
9512 1937
9512 7372
9512 2339
9512 202
9512 2397
9512 2415
9512 1606
9512 5769
9512 8882
9512 3643
1129 1285
2614 1133
2397 2003
3007 1621
8016 257
9512 9524
5605 1612
4272 5200
9512 8498
9512 4411
5713 8867
9512 1931
1330 6929
9512 2246
1330 4999
2384 8842
8505 9776
9512 9572
9512 9368
9512 8337
9512 486
9590 3059
104 715
9512 3122
1703 8175
9512 8306
8981 485
474 8993
9572 507
9512 7289
9512 2089
7562 6213
3347 2298
8505 8475
9512 8301
8221 3314
9512 5843
8337 2349
9512 6576
2592 3351
9512 3532
7048 786
9512 1491
1733 9172
9512 9313
5125 1464
9512 4156
1208 36
9512 1624
3283 239
9512 8806
9991 3961
2614 5219
3532 6253
5208 9588
9512 8621
9512 8414
3347 4374
9512 9487
3253 557
9512 1410
9512 7192
9512 6555
9512 5346
7653 6107
9512 7321
575 4556
9512 5499
5208 7241
9512 7923
9512 2088
9512 4050
7096 7058
3258 6085
4501 8727
9512 6385
9512 8268
1555 773
5299 879
3735 8388
9512 5180
1733 5473
9512 2399
9512 4313
9143 279
9512 3990
9512 6785
5998 1827
9313 5348
3189 2028
5125 7659
8858 1632
7358 7610
1555 5154
9512 2458
9512 2078
9512 7795
9368 7029
9512 9953
6456 3929
9512 6404
9512 6784
6006 7030
7776 1754
3993 5811
5833 9422
9512 553
9512 3245
9512 3596
9512 5700
9512 7076
104 8667
3900 626
3739 6145
9512 7422
6066 6834
7105 1272
9512 4851
9512 3080
6785 4519
9512 1576
804 9924
9512 2427
9512 9536
3253 9425
9512 8599
104 6496
9512 9055
9055 4181
9512 2946
7926 7299
3994 6609
9512 2345
9512 8213
9512 7469
303 268
24 3724
9368 2300
9512 4414
8238 7342
3766 2638
4204 19
9512 7405
9512 8880
9512 3922
9512 2729
9921 1673
8971 8917
1983 3545
9512 7836
6666 6183
9512 3429
4058 4550
9512 3444
9512 1601
9512 4691
9512 6550
3189 7242
9512 8119
9512 3714
711 2
9512 9451
9512 4764
1971 1044
9512 720
3123 3931
9532 3972
3907 1638
9512 8205
3907 3111
9512 4763
2745 8235
901 8988
9512 608
9512 4901
9512 214
2397 8341
9512 4261
6582 3067
9512 27
9726 3234
9512 2288
3922 9050
2875 1355
7926 8311
9512 3557
7469 363
9512 170
9512 8483
9512 8229
9512 8095
9512 1755
9512 4624
5831 5344
9512 1029
7618 2315
9512 3897
9512 7818
8229 3843
5700 802
9512 7475
9512 8984
7653 2429
9512 9516
9512 6846
8238 2104
9512 1749
4334 1893
9332 8147
9512 5968
4204 1508
9512 7997
9512 8161
1595 6160
9451 1243
2857 3694
9512 1633
9512 4176
5715 2961
9512 5611
484 5311
9512 980
8882 1489
1644 539
9512 6703
9512 9159
9512 9202
9512 9993
9512 9129
5769 5923
4127 5507
4058 322
9512 3417
9512 8020
7289 1059
9512 7120
8505 3298
9098 7077
9512 1165
9512 6741
1703 7892
9512 5114
9512 2336
9512 3297
9512 9882
5237 5315
1601 3192
9532 8038
4120 5625
9512 7712
9512 9820
4742 9945
5051 1766
7486 9357
3948 5729
9129 6396
9512 3205
9536 6725
4768 8265
2071 4740
5125 9631
5040 9661
9512 9391
6555 9951
9512 996
9512 9081
9512 5065
9389 3160
8122 9238
9512 266
2627 818
9512 4218
9512 5044
720 1679
9512 8328
9512 6782
2340 6417
9512 1871
8533 9206
9512 8262
3948 1885
9512 3333
9748 8190
9512 8359
5480 9821
1705 2285
9512 6726
8971 177
3189 6354
7958 6816
8301 5703
9512 9494
538 438
9512 8849
9512 1183
1755 2132
9512 4566
9512 3476
9451 5554
4959 7059
9512 4882
9512 2524
9512 2227
9512 2297
9512 9112
8020 6223
5715 2783
6977 4879
9512 5012
9512 6023
9512 842
9590 8070
7020 3456
9512 8797
9512 3177
9512 1292
6666 3775
9512 5213
2614 946
1644 218
9512 4098
4061 7408
3429 7979
4058 7389
4420 910
9512 8165
9081 6833
3177 2380
6266 393
8849 2508
567 4515
9512 8970
9748 5674
9512 1025
9512 2062
9512 7102
9512 1724
9512 4484
9512 1793
2336 4453
8051 4709
9512 471
2946 5699
3596 5557
891 2679
2089 6930
3900 644
9512 8529
9953 9575
9512 1352
3948 9199
9512 5084
9512 7443
4098 5167
9512 5488
9512 8438
6846 8645
5769 250
553 884
9512 5091
9512 4543
9346 9865
5263 5249
9512 2565
9512 8092
8317 5019
9512 5971
9512 2784
2386 8365
9512 943
5263 2237
8984 6240
4652 7849
2452 1382
9512 3654
9512 3428
1606 5954
6849 2937
9512 6543
9346 3500
3487 7401
2524 2676
9512 495
5715 2215
9512 983
9512 5283
86 7939
5737 8192
9512 2318
4342 7231
2651 7367
2729 4003
9512 662
9512 2837
9512 7343
3123 8322
2336 2779
9512 525
9993 2670
9512 21
9512 2985
2556 3233
9512 7223
6385 7032
4058 5896
1183 8371
7343 5385
4014 3780
21 4671
5425 433
5968 434
9512 6318
9512 9117
3297 9544
9512 8208
9512 9928
9389 4485
3140 6843
9512 8044
2745 3418
901 4530
6849 128
1088 8920
9512 3874
9524 9697
9512 1225
9512 1162
169 4296
6606 3902
9512 6987
9512 8801
2397 1947
9512 1318
9903 6713
9512 6943
9512 23
1724 8272
7405 2856
9512 8178
2875 8266
9512 5157
3123 6556
9512 1332
5843 4182
3161 5216
4204 6126
9512 6022
5611 5881
3897 7987
9512 6048
3900 5334
9512 5608
9512 2522
2875 2557
7618 5194
9512 3812
7306 4435
5910 9034
9512 7975
3007 9826
9512 7955
5237 8267
1410 4971
5125 2210
9512 3048
9512 7107
9512 1602
9512 5193
538 2951
8092 2433
9512 8891
9512 9915
9512 8316
9512 390
3381 5240
9512 6495
3256 594
9512 7999
6448 2813
9512 8987
9512 1890
7712 3413
2745 6325
9512 6698
4127 7838
9512 7038
9512 7329
9512 7934
9512 3116
5425 245
9512 3833
7192 4859
8675 3281
8485 6767
9512 2099
8505 251
9512 768
9512 2484
7107 4353
9512 2568
9512 8548
8229 513
9512 192
7836 9828
567 5972
9512 7234
7148 6986
9512 1008
2130 2575
2336 5325
486 9528
9512 9364
9980 7404
5349 1315
9512 1764
7653 71
9512 8991
6495 5148
1025 2684
9512 8382
9512 398
9512 61
9512 8327
8806 7931
9512 1922
9512 4503
9512 6302
1691 8470
9512 4757
9512 8017
9512 429
9512 9968
9512 2710
61 2871
6987 4769
3122 994
4757 5004
9512 1089
8849 1950
8971 134
3205 4631
2088 345
9512 2404
2139 9124
9512 8935
9512 1325
9512 2811
9512 5912
1555 8517
9512 7696
9512 7488
4420 7738
9512 9419
9512 7317
711 4970
9512 902
2522 2573
9512 4673
9512 9210
9512 1302
9512 3208
9512 4410
7469 755
842 1978
3654 5982
6385 9801
8806 921
9512 1588
9512 9236
8467 8315
9512 7794
8971 810
768 4746
6266 423
1808 9926
9512 8997
9512 908
1624 7648
9512 4271
9512 5673
9512 5966
8020 4968
9512 6814
2227 3406
7372 4645
9512 8851
4414 8623
720 5476
7653 7768
9512 4945
7038 9633
4058 5478
9512 7162
6190 2383
1183 8816
4176 6653
8221 8697
5843 4449
9953 5727
9487 9733
9512 5274
9512 2232
7997 4984
9512 558
7958 4915
9512 3761
596 9936
9512 2152
9512 9410
9512 7081
170 7068
9512 8473
3922 2067
9143 6547
9494 2785
4624 1689
9512 9899
4706 6584
9512 3522
9512 4286
9512 4873
9332 9420
2452 3304
9512 3235
7997 2036
9512 4554
7958 1434
1749 9480
9512 5490
9512 9336
538 9836
728 4553
9512 6489
5561 8640
9512 7602
9512 6623
9512 4022
9512 4326
9512 9827
9512 1188
9512 7491
8858 9398
9512 6113
9512 7095
9512 2644
9512 4278
9512 3607
9512 9497
9512 7805
2875 7457
9512 8503
1624 2292
2427 7082
9512 2853
3993 3814
5715 6238
9512 4986
9512 3186
9512 4371
9512 7686
9512 6189
6022 1122
9512 2582
2710 5908
3607 6331
9512 6918
8238 3635
4342 5072
9512 4162
9445 3624
9512 7621
4673 8284
1165 7803
9512 7155
9827 2899
3155 700
4261 632
1576 8844
7708 5284
9512 694
9512 9174
5833 7651
9512 1446
390 1471
9512 13
8503 9231
7155 2963
9512 2093
746 5034
9512 4250
617 1581
9236 6100
7926 8271
9512 1255
9364 1310
9512 7614
9512 3749
3948 3195
4229 618
3208 2140
9512 4767
9512 3364
9512 4865
9512 725
553 6724
9237 8540
6918 2195
9512 9314
9512 361
9512 9304
1330 1023
8599 5367
9512 4576
9512 6641
9512 178
3735 2017
9512 6040
9512 6054
9512 6254
9512 3467
9512 3190
484 4020
9512 5437
9512 9604
1576 301
9512 2979
9512 2991
4411 4529
6054 151
8100 5695
9512 5918
9143 1408
3749 4139
2078 6793
9512 4147
3189 8413
9512 1232
9512 5680
8675 5243
4162 4821
9512 1442
7289 2841
9512 8172
9512 7791
7289 4878
9512 745
9512 9996
9512 9080
9512 4370
4334 8747
4543 5095
2062 9920
4171 1163
572 3202
9512 1596
9512 5728
9129 3987
9512 3421
9512 5722
9512 9779
5299 8148
9512 6579
711 7409
6222 5080
9512 194
1588 9356
3900 3425
9512 5312
9512 6917
1029 5295
1922 8197
9512 3187
6703 1736
9512 5487
9512 1554
9512 5617
9512 416
9512 2715
630 3405
9512 4372
9512 2124
9512 5708
9512 1675
9512 3690
3714 9156
9512 1562
9512 2992
1446 3997
996 2274
9512 3611
8178 1558
9512 511
9512 6007
9218 4380
7105 6140
9512 4142
9512 420
891 281
3245 3585
4414 1335
8467 9225
1601 8440
9512 9187
1029 9900
9512 3411
2985 2373
9512 4152
9512 5660
9512 6841
8952 1834
8100 8281
9512 8068
943 14
9512 8000
9512 2323
9512 3567
8891 8682
9512 3933
9512 3953
5833 6860
6943 7557
1971 6942
2234 5054
9512 8098
5833 6243
9512 6058
4484 8560
6943 4723
9779 9656
9512 491
9512 7211
9512 8978
9512 4069
9512 2906
7206 5141
617 1875
9512 7247
7923 4158
357 5657
6550 4637
9512 4964
9512 6059
9512 2425
9512 8356
8992 1083
9512 2517
9512 9448
9512 3578
3122 4957
9512 2372
9512 750
429 4546
9512 4853
4492 9950
9512 5508
7096 5808
9512 7055
1088 8708
6846 7036
9512 4389
8000 6922
3487 1443
1931 4950
3578 7374
9112 2731
9968 9360
8776 1783
9512 971
5488 8031
4271 2629
5237 3039
9512 2446
2644 6697
4420 3054
9512 379
9788 4153
8414 9061
4127 8223
1029 3646
9512 2265
385 8006
1238 4121
9532 3355
9512 7924
1937 6812
9590 1694
3569 449
5508 9188
2227 834
9524 6364
9512 3366
1555 6157
5737 2206
9512 5006
9512 3615
8262 3777
8473 2236
9512 2622
6841 7875
9512 9868
4261 8927
1998 4258
9159 5090
2130 6825
9512 3582
9512 7717
7222 6593
9512 5590
9512 9077
9512 3608
2093 9917
9512 4595
9512 2311
9512 3478
9512 7730
669 9736
9512 2548
9512 3278
9512 8665
3567 880
5283 2832
4742 6522
8665 7858
6784 8171
9512 1986
7120 5684
2297 6475
6022 543
9512 3541
9512 5504
303 4458
2130 5547
9512 3977
7870 916
8599 5920
5453 8154
7048 4839
9512 1780
3779 7177
9512 4704
8485 8497
5728 7521
4127 7061
3364 1538
9512 7947
525 4338
398 508
9512 7327
9512 1209
9512 2432
6821 4318
9512 9691
9512 5316
9512 537
9512 8754
9512 9254
5488 1193
9512 1405
3897 637
9512 4836
13 5360
9512 3751
9512 7552
9512 3949
9512 6995
9512 2802
9512 7140
9512 7936
9512 5294
9512 1664
9512 3661
7206 3257
2458 2403
9512 4676
9512 304
7155 4751
5504 2859
9512 9570
3994 5536
9512 5864
1089 3368
7696 889
9512 7533
361 3066
7975 7012
2853 5839
9512 5635
9512 4938
9512 7911
9512 9578
7686 5416
9512 9906
9512 9640
9512 7769
9512 1092
5312 99
9512 8125
9512 9245
9512 5181
9512 4549
7321 2755
9788 9584
9512 6451
9512 8166
5180 7489
4595 215
9512 5186
9512 8701
9512 8034
4313 6857
5590 1453
9512 9064
9512 3864
9512 8736
9512 137
5769 4695
7055 8021
617 4196
9512 1317
9512 4782
1554 5877
9512 9460
1691 2722
902 536
9512 3876
9451 6971
9512 8350
6448 9418
2062 571
9512 224
4152 3041
954 8628
8119 114
1606 4434
9512 8521
9512 2662
4218 5221
8359 6988
9512 8011
9512 7316
4272 792
9512 9377
6082 5643
1343 5356
3161 2024
9512 3641
9512 5083
6987 7101
139 2706
9512 9318
9512 280
9512 7807
6579 9755
7807 3877
4390 2751
9512 8681
5186 4025
9512 3745
9512 2916
9512 2041
9512 7071
9512 1481
9512 6373
1703 7778
8984 1748
8858 4994
9512 8215
9512 7428
7206 4197
9512 7179
8981 3883
1971 349
3933 2226
9512 4279
7926 3632
9512 3093
8675 9949
9512 1725
9512 4784
1165 4602
901 9296
9512 7498
9512 3535
9512 4982
9512 1203
4865 9864
1808 3728
9512 1486
9512 7027
711 6571
9512 6962
9512 2943
9512 3273
4938 4867
4784 5540
3283 5153
1804 340
9512 1066
4120 3460
2425 3640
9512 7019
9512 6890
9512 8184
5831 6394
390 6096
9512 1844
7533 8994
9512 2190
9512 8525
9055 4211
9512 8773
9512 8885
9512 3292
3876 4792
357 6948
9512 8194
9512 3302
9512 6953
1983 789
5453 569
9512 6562
8665 3815
8970 2029
9512 6575
9512 3523
6451 8740
5181 8520
5715 9469
9512 8108
6898 6664
9512 1372
9512 1196
908 9280
1971 6193
9512 8330
9512 232
9512 9889
4742 105
9512 6103
9928 3207
9512 8865
9512 237
9512 6214
9117 2009
9512 6636
6226 4265
9512 291
8505 5929
9512 8930
9512 865
9512 9133
8213 6512
9512 8398
558 9522
9512 8059
9512 3697
9512 1452
9512 8975
8122 9772
3749 4761
9512 6095
9512 1872
9512 4329
9512 4056
9512 4343
3993 3434
429 3471
9512 6017
2234 3184
2715 2821
9512 530
8681 5943
6555 6393
8051 9847
2228 1816
5181 3605
7232 4967
4371 6759
4836 5686
2139 8757
9512 7694
9512 2865
9512 1134
9512 4233
9512 6279
6266 6230
9512 1857
4058 4840
1209 9426
1871 4956
9512 4027
4250 9977
5490 6209
9512 6958
8754 2786
4250 5529
9512 5838
9882 3398
9512 5146
7533 2051
4982 8853
9512 7611
9512 1328
9512 8123
2946 5132
9512 3068
2811 8894
1595 687
2651 928
9512 2320
4120 7705
8548 8156
9512 9729
9512 4921
4272 7335
1931 654
9512 1550
3779 3644
9512 5120
9512 8794
8885 5088
9512 805
6082 4807
1550 9281
9512 166
9512 4452
4865 5113
4127 3951
9512 5108
9512 6811
9512 4514
1857 6241
7791 1530
9512 8711
8327 4366
7936 2669
656 4777
9512 6362
9512 8162
9512 5024
9512 4209
9512 8128
9512 1080
9512 9048
1129 7347
9512 8817
9512 6998
9512 5215
9512 370
9512 8726
9512 5566
7247 4541
8485 5198
1165 6419
9512 9466
2958 3254
9512 869
8208 1960
9512 5008
6373 2256
4704 6928
2651 80
9512 776
8525 2805
9512 9455
4549 9773
4152 7371
398 8406
9512 7250
9512 4677
9512 974
9512 4869
7562 460
9512 1070
9512 472
9512 2063
9512 7601
9512 7673
9512 4408
9512 4292
9512 5976
8205 547
6318 9408
8754 6558
3922 9768
420 230
4549 7003
9512 621
8880 6208
9512 5202
9512 5238
9512 4473
9512 2583
9512 9474
8262 4034
9512 5836
9512 5094
9512 167
6623 1401
7234 977
6846 9227
9512 5846
7422 5458
4027 3138
3278 8427
746 8855
9445 8569
9512 5792
9512 3107
4691 7147
4764 2836
8930 83
9377 1338
8178 4289
6728 325
9512 6229
9512 7021
4851 2900
9512 945
9512 2816
2729 5259
9512 2970
6623 4803
1931 709
9512 7338
8890 9913
5912 9355
9512 2771
4420 8355
9080 8474
6987 8399
9512 4557
8059 3197
9512 1661
5094 6985
9512 9752
9512 4568
9512 890
9512 4608
361 3839
9512 8120
4271 8705
9512 1838
9512 7201
416 9919
9512 3925
9512 6710
9792 48
2710 8254
8992 3125
9512 6231
9512 4646
8414 6792
9512 1821
9512 7170
9512 705
167 7416
9512 5223
9512 4930
4389 1363
9466 6047
9512 697
9512 4177
8221 8843
9512 8007
9512 109
9512 3538
9512 3705
2568 4359
3007 6751
9512 5544
9512 2376
6550 9431
2524 3989
9512 2808
2041 1024
9512 7126
9512 1337
7614 9090
8184 175
2063 3555
1238 6087
4764 5350
9512 7002
9512 4651
596 3559
5146 2956
3107 3790
9512 6341
9512 5173
8100 6420
9512 2462
9512 6761
9512 9472
5635 8499
9512 9501
2372 1545
9512 7128
5437 6656
1725 1702
1705 7786
9512 2375
1808 2277
9512 8936
9512 2486
9512 1761
9512 4665
9512 7582
4576 9384
2124 5879
9129 2385
9512 856
2078 934
9512 5302
4313 6897
1724 2367
5299 7748
9512 481
9640 4916
6953 2502
9512 2897
5792 6881
4326 8526
9512 7262
9512 7603
21 4145
5608 8518
4484 8361
9512 5395
1066 3915
4938 8831
9512 1599
9512 3458
9512 4451
5193 5812
9512 255
1675 6771
7498 7574
9512 293
9512 3401
3745 8953
3292 9311
9501 9555
9512 3440
9512 9504
3737 5785
9512 2678
5508 8507
4897 7846
9512 5156
1808 6215
9512 8537
1764 7811
9512 9447
9504 1635
2399 5938
7081 2882
9512 181
9512 699
9512 2213
104 4095
1446 9191
558 270
9512 8611
9512 3938
4869 9488
9512 9704
3428 5530
1352 8838
9512 4072
9512 6154
5094 447
9512 9749
9512 2483
9512 6435
9447 1000
9512 7527
9512 4752
2650 6164
9512 8282
5312 7682
9512 6149
9512 4661
3874 7087
9512 1744
8776 437
9512 3024
9512 7339
9512 8239
996 6750
9512 1371
9512 9105
9512 5705
8467 7264
9512 3947
9512 6050
6623 5746
9512 4012
2946 867
9512 3064
9882 9503
5237 3774
2906 6847
9512 6275
3411 1447
5838 6570
5758 4896
7712 1965
9524 2529
9512 6687
4938 3901
9512 8696
9512 4816
2992 7891
9512 5460
9512 295
9512 2492
2089 3391
9512 2096
9512 9664
4768 9169
5312 1720
9512 9646
9512 5955
9512 6748
9512 6128
9512 5023
3953 9383
9512 7173
9236 4914
9512 278
2323 2282
9512 4965
4075 435
902 9421
4204 8391
9512 8151
2486 6197
9512 8850
9512 7726
9512 2834
9512 4847
7076 8084
7329 5817
8328 1432
9512 6538
9512 2374
7102 5210
1588 4047
1971 540
3661 7954
9512 8868
9512 3796
9512 4730
9512 3374
5635 9902
9512 7525
9512 3510
6323 467
1664 292
9512 4750
2946 3910
9512 1426
9512 8482
9512 4922
9512 5059
9512 5640
2710 5411
7329 5452
9512 9863
6987 4339
7170 3481
9512 9032
3749 1652
9512 2048
9512 2070
6710 6352
9512 8859
9512 4733
1815 7529
8095 2920
9512 9553
9512 9581
2745 7756
7836 3455
842 8309
9512 5352
9210 4141
8108 2705
9512 2153
9820 2544
5215 8813
9512 6374
9512 2443
9512 9020
6229 5417
9512 6284
5792 9823
3925 2109
6572 8839
7055 822
9512 8047
8817 2413
9512 4721
9512 9925
1343 3664
9512 4481
2808 7661
5157 3214
4171 7238
1343 2626
9512 6304
9512 9095
9512 2735
6849 9149
9512 2304
9512 4728
8128 7742
3953 38
5346 3662
6575 3520
3876 9818
3947 2097
4869 2686
9512 6490
9512 1801
9512 9597
9512 2377
9915 8093
9512 898
2462 9397
3641 7724
6687 1862
9512 3965
9207 5485
6666 1830
8229 9667
9512 587
9792 9507
6785 2560
7498 4953
9512 1151
1599 3337
4152 5405
9512 7290
9512 8877
8736 6200
6304 3497
9512 7062
3582 607
9512 6989
9512 6716
9512 196
2582 8989
4938 951
2583 74
9512 3220
3833 6463
9512 4000
9512 8066
8282 6842
9827 9386
9512 4567
7290 6196
9512 1231
9512 9635
9512 3268
9512 8489
9512 8825
5912 3053
9512 6586
9839 84
9512 8755
2425 6868
8882 7171
9512 6212
8128 4361
4501 8836
9512 6955
9512 6348
9512 3395
9512 8764
9512 9531
7621 1031
1343 1533
725 1959
3107 9700
9512 5515
9512 1996
9512 1869
7911 1897
9512 2704
558 6978
9133 1526
9512 8833
4752 4010
2627 5702
9512 7115
8194 6717
481 8511
9512 9146
9512 6618
1317 3380
6623 753
9512 6919
1703 6729
4279 3572
9512 1657
7019 5175
2992 7202
2906 7440
9512 7905
9512 4948
9512 827
9512 8730
9512 3250
9512 7743
9512 2663
9512 410
9512 1967
9512 6330
390 8654
1644 2197
1931 5220
9512 5824
8120 991
9512 794
9512 1726
9512 3996
3900 2472
9512 7255
4452 5022
3705 9877
9512 2092
7206 730
728 5696
2232 897
8877 1888
6066 681
9512 2849
5836 3606
5274 4394
617 7415
9512 8596
4922 6218
9512 8772
971 7447
9512 6192
9512 6826
6022 6672
1856 4238
3220 6568
4075 6175
9512 5229
9512 2938
4651 29
4176 1935
9512 5245
9512 321
9512 7801
7405 9475
9512 4455
9991 7146
178 2337
5966 6168
8098 8728
9512 5235
9512 4112
7290 2932
3093 9762
9512 5079
9512 3921
9512 5875
4853 5377
5125 2903
2228 2981
3739 4088
9512 8277
4371 5738
1726 5597
9512 7894
9512 7885
8521 7572
7621 1180
6489 4561
21 9869
5108 2302
4218 2489
9512 2957
7451 9244
9512 2398
9512 5945
109 1123
4728 2997
9512 8810
2897 9940
5561 5510
9512 5099
9512 5195
9512 4046
9512 775
6995 4969
8970 4663
8525 6643
416 5211
9377 8824
9512 4606
9512 1511
9512 6477
720 4016
9512 8410
3739 9248
9512 8719
9512 8633
7726 830
9512 7183
9512 1309
9512 3838
6323 2753
567 6155
1606 4832
2234 7085
1755 1006
2221 3563
4646 8164
9512 9330
9512 7091
8633 7098
9512 7561
9704 497
1442 8661
1725 2420
9512 1973
1446 5694
2582 6480
9512 8704
9512 115
4012 2136
9346 1873
9512 1312
9512 816
2556 7050
9512 2624
9512 1347
70 6612
7924 1353
23 4737
9512 4421
9512 1205
9512 3514
6450 625
9245 7424
9512 9854
3258 3334
9512 1159
9512 2102
7372 1811
9512 8873
7201 3861
9512 8998
3789 9608
9512 6377
1405 2198
9504 2948
27 7145
9512 5046
6212 4103
1436 5375
9512 2609
9691 6283
1872 7915
3789 9458
7289 219
9512 6813
4901 1370
9512 5747
474 2310
5237 629
9512 7868
9512 3173
9512 723
6373 2696
9512 6387
6761 317
9512 8383
9512 4532
9512 7883
9512 5486
9512 6453
9512 6695
8011 7840
9512 5832
2139 8763
9512 7545
9512 2438
9512 6272
4930 3296
9512 7384
4414 6405
745 254
2622 7587
9512 9334
4342 5616
9512 1613
9512 9878
7223 4910
7552 5873
9512 5676
9512 9316
8108 8435
9512 8424
2234 824
9512 780
3761 6640
9512 1234
4292 8663
9512 5848
9512 1769
9512 9204
7002 8225
9512 1125
2492 5851
9512 6723
1761 8348
9512 1266
9512 6797
1595 8544
6821 4996
9512 4675
9512 8677
23 726
9512 9290
9532 6633
5202 3586
9512 3801
481 8733
2853 2080
481 8308
9512 2549
9512 3006
9512 7516
5793 6408
8621 5178
9512 1580
9512 1999
9878 5961
1624 2414
9512 4208
9512 2917
9512 4643
9512 3269
9512 5448
5395 3706
9863 5632
6095 4057
9512 7314
9512 3135
9512 2098
4646 9712
9512 1899
9512 9805
971 8861
321 4773
9512 4193
9512 8005
9512 2364
3522 7664
3064 5777
9290 5829
9512 3536
2089 4479
5722 6737
8238 8303
9512 6650
7126 1365
9512 6577
7743 2254
9512 3042
8230 7481
9202 1063
9512 9243
9512 289
9512 9208
5700 8910
9512 8777
9512 8291
8350 6452
2265 8586
9512 7518
9512 7927
827 5768
9512 6167
9512 5550
9512 9751
4098 8603
5605 6340
9512 8618
6641 7011
6495 4990
9512 6758
9304 5393
9512 5739
192 4241
9512 1933
9512 5601
3643 6262
9512 1391
9512 749
9512 8964
9512 1814
9512 4582
9597 6039
3812 7132
2916 5623
7120 4114
9512 1189
4421 8967
6703 7490
8877 2393
9512 5103
9512 1298
8736 8939
7880 3376
9512 1952
3661 4634
7002 6119
9389 4571
7621 8680
9512 1907
9512 7254
902 7355
9512 7599
4218 5661
5274 1311
5895 158
5103 1829
9512 7066
9512 6553
9512 4697
9512 8566
5294 459
7582 8454
4272 1577
9512 4513
9512 7873
1922 761
3569 5524
9512 4405
5832 2447
9512 6098
1238 4413
9512 2363
6955 917
3557 5144
7107 4693
9512 9558
1967 4791
2398 670
9512 3703
1724 2740
8773 6024
9512 3361
9512 2149
4075 581
9512 4719
9512 1402
7498 3882
9512 2804
9512 8770
9512 7983
2565 9010
3157 2060
9512 2855
7038 7277
9512 2145
9512 3251
9512 102
9512 46
5895 2238
2565 8572
9512 592
7911 79
5263 9628
7983 831
4329 2939
9512 2094
9512 1141
9512 6205
304 6594
6385 3928
9512 2767
6550 5845
1273 4590
1844 55
4473 2934
4982 1137
1899 6806
9512 3638
9512 8551
2663 4436
9512 8027
9512 4015
181 8500
9558 6063
9512 5314
9512 5163
9827 132
2583 9200
1426 3736
9512 7745
4757 4187
9953 3725
9512 454
3395 4753
9512 1813
9512 3772
9512 9938
9512 8553
630 444
9512 6462
9512 2463
9512 6287
9512 4052
4343 5280
7678 9031
9512 7053
9512 9975
9991 8055
9512 7496
9512 7775
9512 6939
166 5593
5488 9875
4370 6880
5617 8591
4677 8571
9512 2020
9512 2011
2735 2022
9512 4749
9581 1252
9512 1721
9512 8400
2917 8968
6987 7783
4646 5890
7599 9941
9512 4483
3122 1277
9512 9731
9512 6714
1588 8702
9512 7340
9512 7398
8044 3141
9512 7564
898 2119
6462 2569
4988 2382
3282 515
9512 7449
8970 2978
4652 6801
9512 6116
9512 3748
9512 8297
9512 4017
9512 2301
9512 3119
9512 6668
9512 931
9512 8761
656 7267
9512 4674
9512 1099
9512 7090
9512 6439
9512 7524
4120 8616
9474 8420
9512 5369
3007 666
9512 5102
9512 8300
5099 7074
9512 3185
1066 7784
954 7968
9512 6473
9512 8179
9512 7458
9512 6249
9512 6701
9512 7796
9512 2965
23 4422
9512 222
8806 9690
4982 2034
8806 4307
6098 4180
8991 3447
9512 2602
6249 8290
9512 4360
9512 8107
9512 4129
9512 1361
9899 9179
6758 6795
9512 4259
9906 5948
9512 176
9512 5653
5737 544
9512 8721
2484 4808
9512 5509
827 7565
385 3879
9512 9403
7582 6528
9512 2936
2855 4033
9512 8
9512 2741
9512 1384
9512 1450
9512 4437
9512 8103
9512 997
3735 4402
9512 2077
9512 9012
9512 771
656 779
9512 7624
9512 3004
9512 1810
9512 4446
3514 4174
9512 4776
9512 9961
9512 9819
7314 372
6490 4666
9512 7315
8337 77
2991 9338
9512 2321
890 5392
9512 5174
9512 9678
5114 4352
6362 6754
9512 3955
9512 4224
7730 5874
7076 9689
9512 2672
3381 9648
9512 9013
9512 4450
6668 4934
3745 1681
9512 1236
9512 2231
9512 3517
9159 7910
3569 5440
9512 1495
9921 4857
9512 368
9512 9212
9460 6669
9512 1784
9512 7771
9512 9495
9512 9493
9455 3491
1183 427
9512 7272
24 9417
9512 702
9512 2675
750 7056
295 9029
9512 3147
9512 9515
9512 4906
9512 3496
9512 9309
4411 2134
9512 7896
9512 3762
9512 6838
1744 7258
6555 3097
9868 7506
9512 5649
4256 3715
214 4041
4450 7585
137 9267
9863 9115
3253 9406
9512 764
9512 2543
9512 4748
9748 7893
865 9881
8123 7466
9512 3128
9512 3983
9512 173
9504 5043
9512 3957
9512 2537
9512 5190
2808 2322
9512 1641
7272 510
9512 2550
9270 8922
6579 1256
9512 9886
2784 1221
7081 8458
9512 5880
9512 9995
7599 5073
9512 5075
8964 6563
4595 2851
7525 9611
9512 8646
7602 8484
5172 391
9512 8625
9512 7553
2672 7688
9512 6481
9512 4257
694 8180
9512 7476
9792 7863
9512 1742
9512 4464
9512 2749
2970 6845
9512 8015
3007 7319
9512 3040
4982 6225
9512 4373
2855 8656
6231 2527
1998 6581
2340 25
4554 5518
9512 4400
9512 1397
4757 3537
9512 6465
9512 2762
9512 2172
9512 3744
4567 5468
9512 6517
9512 5104
192 7356
1986 6616
8165 4378
3007 1566
9512 3404
7027 9740
9512 9800
567 4079
9512 9852
9512 2796
7694 6893
7255 1280
9604 2879
9512 8320
3749 421
9512 4122
9512 8974
9512 1433
8981 6597
9512 6421
2808 6774
8633 6851
9512 3682
3735 3851
1029 7549
2145 6407
4483 3652
5713 3215
3557 4900
8964 4609
9512 2902
4218 4747
4000 263
9512 7736
6465 360
5174 6819
9512 9557
9512 3383
4847 9361
2089 8854
9512 8504
7038 2505
5173 4110
7775 1640
2991 3923
9512 5467
9512 365
9512 2456
1318 9226
9512 3377
5102 8461
2228 1696
6572 9974
9512 8060
9512 7831
3994 9297
9512 9663
9512 2293
9313 4881
7340 1216
9512 881
194 6269
1641 2823
5065 7122
7170 2465
6454 8597
9512 9506
9512 5884
9512 4592
2537 7591
9512 7984
8095 4341
8316 7902
2568 4335
9512 1586
9512 1500
9512 2687
9512 1034
9512 2426
9512 8982
9512 4729
9512 7913
2936 9658
2221 1896
1705 7106
8566 8886
6214 9725
9512 1093
9512 4144
9664 3511
6377 7219
4592 6381
9512 8808
9512 4655
9389 310
1481 267
7708 1900
5998 5432
9512 1251
5793 2173
9512 9750
8665 8314
9512 2896
9512 7109
9512 7827
702 3252
7191 6878
6050 4736
7201 6699
7653 6855
1162 9017
9512 1378
9512 8292
771 8386
5508 8827
8865 7963
5617 164
9512 6361
8858 8078
7601 26
5044 995
1125 5980
4566 678
9512 5681
9512 8870
9512 4653
9819 8302
9512 6067
9512 8546
8398 3565
3080 6178
9512 5656
9512 9436
9512 760
9512 4101
9512 290
7384 9076
1391 929
5108 8491
9512 1642
8027 9363
9512 4475
9512 6121
9512 9890
9512 3082
9512 3036
9512 7044
9512 7292
7206 9424
4532 4828
2458 6172
7836 9517
1517 8375
1517 2388
1517 6973
1517 2512
1517 7459
1517 4887
2512 6854
1517 1740
7459 1944
1740 2174
1517 9606
1517 3530
8375 4997
3530 9
1517 4134
1517 9484
8375 911
1517 7817
1517 6353
1517 5321
1517 3222
1517 5161
3530 8067
1517 7395
1517 315
315 8785
9606 5419
1517 6270
1517 2641
1517 3026
1517 6831
4887 1537
1517 4053
6353 8490
8375 7628
2512 51
3026 4021
6353 1142
3222 4573
315 8227
3026 9247
1517 861
6353 8452
1517 9279
3026 4799
9606 3056
1517 8581
1517 7137
1517 4089
1517 6629
4089 1395
4134 1212
1517 9844
7395 9987
6270 3264
1517 362
1740 7436
8375 1076
4887 8698
3026 3272
6270 320
1517 2775
6629 4157
4887 5155
2775 9454
2641 1778
6973 721
1517 5634
1517 4640
9606 8072
6831 6423
7459 6459
6270 1198
7137 2395
3530 9986
1517 2085
1517 3726
4089 7991
9844 2877
3726 3244
5634 5637
1517 7193
9279 3265
1517 2114
7193 8087
1740 5324
1517 936
1517 3999
1517 6863
7817 9589
1517 9562
1517 415
4053 3169
7459 4417
1517 4029
1517 8774
1517 2721
1517 4399
1517 4369
1517 7425
1517 8257
1517 8911
1517 4951
1517 9734
4089 4354
861 8455
4134 5127
1517 448
1517 740
1517 583
1517 9686
1517 9376
1517 5512
4887 5112
1517 7672
1517 1687
1517 397
5512 9168
2512 6829
1517 2177
1517 4166
1517 8481
1517 6297
1517 5816
2085 9832
3726 6662
6270 2410
1517 751
1517 675
315 3713
1517 9028
6270 9939
1517 762
1517 3906
1517 992
1517 1927
1517 1301
2085 8666
1517 1916
1517 4754
861 2103
2641 9069
2177 4644
992 9015
1517 6684
9844 7097
8257 8293
7395 4855
1517 487
1517 6034
1517 4927
8911 3407
1517 4002
397 2728
7817 3909
1517 1719
1517 9770
1517 2411
1517 6658
362 8845
1517 3308
1517 3473
9770 9230
1517 7890
5321 8185
992 6895
1517 1455
5161 9806
315 6248
1517 8372
1517 5339
4134 7326
1517 3770
1517 8614
1517 4954
4640 7018
3530 9074
1517 6336
936 3057
1517 249
1517 8247
1517 1295
249 5553
8481 6511
9844 4893
1517 5060
6270 7861
1517 8253
1517 4207
415 6904
397 6591
8911 5935
1517 9744
1517 210
1517 5754
1517 3400
5060 2867
1517 1953
4002 8121
6034 8852
6336 7862
1517 5671
4207 6673
6831 1120
1517 233
1517 2940
9376 919
1517 8904
2177 4980
2114 6630
1517 521
1517 306
4399 3032
1517 3437
1517 6250
1517 2144
1517 2860
7890 6097
740 514
5754 4508
1517 8076
1517 8589
8247 2127
1517 43
1517 5242
5161 9186
1517 4979
1517 4465
1517 7073
1517 1946
1517 4575
1455 1305
1517 4430
6250 276
6684 5609
6863 6084
9484 3331
397 1610
1517 5624
1517 1282
1517 9229
1517 7780
2940 5109
2177 9251
1517 2276
43 403
1517 1819
1517 6026
1517 3681
1517 2993
1517 6859
1517 4551
4465 6872
1517 8430
9229 3740
1517 7429
1517 8780
1517 8676
1819 1718
5339 9793
762 3358
1517 7158
8253 8241
2177 9534
1517 5067
2940 8751
4887 3752
1517 5807
210 3991
1517 4548
1517 1654
2860 3466
2993 8441
1517 6257
1517 5355
1517 2615
1517 1096
6629 4155
2085 8199
9376 3896
1517 4237
2276 7906
8904 5031
6863 3115
4089 6458
5355 5641
1517 6798
1517 6383
1517 5449
1517 7136
5816 5128
861 8737
5807 9563
5067 1534
1517 8053
1517 6651
2144 8834
6257 9390
1927 2846
8780 8928
992 9824
1517 9444
1517 9605
6863 5176
1517 5057
8911 8286
4954 3001
4951 9337
3400 6382
1517 914
1517 2039
1916 6471
1517 9435
9435 3055
7193 1786
1517 8390
2940 1775
2039 2200
861 6621
9605 7949
1517 6742
1517 2499
9605 6675
4887 787
4465 8402
1517 5941
1517 5905
4399 5015
6684 6118
210 1185
2085 8948
1517 1215
1517 5692
1517 488
762 7988
1517 9288
1517 3003
1517 5076
1517 411
8589 7523
1517 2296
3473 4322
1517 6501
3999 5770
1517 6089
1517 1369
1517 6410
1517 8881
487 9662
1517 6885
1517 5347
6885 9119
1517 4638
1517 9603
249 576
2085 8602
583 5780
1517 6902
4369 7049
1517 1386
9376 5795
1517 3384
8581 1677
487 3359
1455 5388
6863 5549
1517 478
1517 950
9770 4109
1517 8057
1517 4367
1517 5858
1517 8426
43 2931
6034 8943
1517 1396
1517 9449
1517 7782
1282 8310
1517 9142
6250 389
6501 5944
1517 5069
1215 2536
740 4829
5858 3291
5634 684
1517 7655
7780 8889
6383 1532
5057 7797
1517 1393
1517 4535
5060 2854
1517 8875
1953 2666
4367 8605
4237 3112
6410 3805
5067 5654
4166 7899
4548 5402
6798 5559
3999 5381
8774 5802
3308 1336
2388 8296
5634 3551
1517 5689
9686 9593
1517 3159
1517 3786
6798 4299
5321 8592
1517 6807
1517 2580
1517 2606
8253 8137
950 532
1295 2506
1517 1892
2993 7675
5858 7741
4887 3829
1517 9195
1517 9837
1517 4565
6250 5592
1517 8655
1517 4347
6629 614
1687 1665
1517 9944
2144 165
3786 1170
7817 7700
1517 3309
1517 2035
3222 962
1517 242
7425 6780
2114 8326
5634 269
4979 7251
1517 8814
583 3562
4575 4117
7193 4038
7425 2037
1517 5492
5692 6944
1517 7320
5807 9856
1517 5757
1916 3163
5339 6210
1517 5359
5671 5878
4089 7962
8430 2326
2411 2455
6297 7781
487 1910
1517 3360
1517 8996
1819 6433
4638 414
2144 31
3222 1870
1517 2643
1517 5305
1517 3375
1517 5885
1517 554
4979 7284
4399 3483
1517 8037
1517 7182
1517 1030
6859 2235
3360 6101
4927 4146
1517 3858
1517 7092
3309 4169
7320 2954
4002 4294
9449 15
1517 3468
2721 1676
1517 1551
950 5815
1517 7864
6859 7749
1517 781
1517 9317
242 335
8904 8214
1517 7859
9449 4183
1517 5997
2276 6117
1096 7916
1517 8588
1517 9242
9279 1734
1517 7693
1517 6144
1517 7853
8076 4222
1517 7590
1517 9747
1517 8046
5242 9909
1517 8896
1517 3778
7672 4587
1517 5135
1517 9787
1517 5957
1517 8958
1517 1466
1517 2059
3309 2498
8911 5387
1517 6805
1517 4443
5069 1064
1517 8041
488 4820
8390 1051
4565 4494
6270 9205
1517 4184
8046 2654
1517 2073
1517 826
1517 9442
8046 3016
950 7388
5069 229
4754 899
1517 9738
6501 9695
1517 4440
1517 8787
1517 5423
1517 8888
1517 7210
1517 6036
1517 2758
1517 9794
1517 1807
1654 8338
1517 2365
1517 6363
1517 5861
1517 7060
249 4848
7395 9011
8774 5734
1517 2977
4465 490
5692 7676
1517 6974
1386 874
1517 4584
2276 7670
7182 4562
1517 8127
1517 6281
233 9698
6336 2332
1517 7391
2085 7929
861 6615
1517 1685
4430 1240
6629 2551
5816 5258
1517 7575
1517 6827
1517 5733
1517 2514
5757 5218
4207 2743
1517 8979
1517 3942
1517 3507
1517 91
1953 1468
1517 5995
1517 4884
8257 2047
6383 3685
1517 754
7429 9040
1517 1669
2514 7734
411 4713
3375 3785
3003 6367
1517 6691
1517 7345
5339 2574
8053 8202
6902 4942
1517 4846
1517 8590
2296 3905
3473 4099
3770 3329
8780 1482
415 7528
1517 6796
6410 5032
411 4269
1517 6110
249 6321
1517 6365
1517 6392
1517 7144
1517 8514
6827 2478
7092 8012
448 849
1517 4933
9794 5374
4565 4850
1517 1105
5757 698
249 7187
487 8193
861 4035
9738 226
4089 85
1517 2084
1517 4281
1517 7579
1517 1380
1517 895
1517 9757
8814 5545
762 6524
1369 8134
233 4569
1517 3462
2512 2239
1517 1267
9837 8946
1517 7164
1669 8639
1517 7362
1517 4385
8888 9340
2388 9038
1517 7332
9837 8872
914 6968
6658 7956
6629 6764
9944 6180
1517 4244
478 3199
1517 1017
1517 9910
6651 9804
4430 9613
1517 1698
8053 1094
1517 6372
1517 9335
1517 9914
1517 5974
2514 1836
5757 1522
7575 1394
1517 8664
9738 8462
6372 4504
8676 9353
1517 2538
4399 3730
1517 1437
6742 5685
1517 3137
1517 3490
1517 1194
6827 7063
1517 8556
7345 1049
1517 2631
1819 912
3473 6062
1517 7826
1517 7680
8481 3343
1105 8650
1517 1172
1517 7157
1517 5427
1096 5092
1517 7556
1517 3327
7817 7867
7092 2421
4565 8594
1517 4912
1455 7130
1517 5188
4565 8385
9028 2949
1517 6883
5355 8578
2035 638
9757 8224
5347 926
1517 6291
1517 7632
1517 3673
7182 6460
9686 3602
5974 5475
1517 1583
1517 8969
1517 3848
6859 4537
1517 1578
6036 4506
1517 3277
521 947
1517 3533
8076 4213
7632 3011
8911 4598
5057 4080
1517 2746
1517 2955
1517 6946
1517 9796
1517 4248
1517 8983
5355 1697
1517 2280
1517 6088
4535 4418
8372 7843
7680 4928
7680 4210
1517 9395
1517 9463
1517 1940
1517 7180
6658 4525
1295 4581
9229 2757
7590 6445
1517 3970
1517 3811
1517 8129
3811 1684
5905 915
1517 7824
8247 2056
5974 314
4846 432
242 1281
6974 4720
8896 6999
2059 7165
9757 5071
9142 7832
2746 1004
1517 3540
9770 1826
1030 3131
2641 1597
1517 235
751 3840
8041 1729
4846 7208
1517 8630
6684 1490
1517 2090
3384 5461
1517 7747
1517 4308
5076 2630
5816 6790
1517 1976
1517 7407
1517 4775
1517 35
4166 1307
9844 1914
1517 8415
1517 2194
8581 4490
1517 7551
6410 8366
1517 1360
8588 7879
7180 1735
1517 1504
6805 6371
7632 9808
1517 4424
1517 8821
1517 8264
362 9262
4248 4179
1172 2680
6805 1262
1517 978
3360 3430
1517 4743
1517 3675
4535 5940
1096 1259
6353 933
1517 8506
5624 7822
1517 1817
8589 3019
1517 8768
1927 7497
1517 6166
5807 8181
1517 6578
914 4068
1517 9705
2606 5946
1517 3663
5305 2885
5941 5620
6684 9471
1517 5751
1517 9382
6372 7001
2144 6065
1517 4583
1517 677
6798 4406
1517 4466
6796 6428
2860 7046
8979 2072
992 8815
3468 8519
7864 451
9770 7286
1517 6574
2514 3795
1360 8617
1517 3348
6863 118
1517 2800
5076 7213
3540 9003
1517 8054
3858 6804
1517 6276
1517 9918
3507 9797
1517 2105
1517 6899
1517 3363
6110 273
4465 5821
1517 4668
1386 5327
7693 9323
6574 1625
6392 5951
3348 534
6902 1349
6089 9327
1517 5206
1517 252
8514 1785
1517 358
1517 4585
1517 1865
1517 9523
1517 5398
1517 256
1517 7834
1517 516
861 9618
1654 4698
43 32
1517 2590
242 7310
1517 2664
7655 5556
1517 600
1517 2908
1517 8584
8983 546
8590 9025
2514 2819
1517 5736
1517 1
1517 5979
1517 4111
1517 8933
1517 5709
2908 7828
43 9711
6805 4195
3681 6430
35 6920
1517 7080
8037 493
1946 8938
992 1398
9794 3432
4846 4856
5206 8083
3363 7253
677 8828
1517 2405
1466 973
1517 6683
7747 2909
1517 302
1517 1582
5885 4486
1517 5575
1517 8718
5449 883
1517 1592
7826 5368
1517 3294
1517 2791
8556 5252
1517 3431
5512 1475
3363 3674
8589 2611
3400 4866
1517 154
1267 2831
1517 7175
5575 7199
1517 7619
1517 5049
1517 2202
6110 1487
1916 1731
1517 3527
1517 5379
1517 3668
1517 8486
9317 1752
1517 3634
6973 5209
1517 8856
1517 9322
4640 1510
1517 7153
1517 6534
1517 886
306 6294
1517 7994
1517 4463
6651 3027
1517 7548
1517 2199
5689 9275
9757 6875
1517 9259
1517 3670
7619 3617
1517 253
7551 7226
1517 1164
4430 8323
1517 9166
6410 3911
3527 999
1517 3564
7060 985
1583 8955
6883 3204
7672 3081
7672 2354
315 5119
2388 7369
4775 7695
7619 3378
1517 5869
1517 7765
1517 1884
1517 5787
1517 3788
478 1366
2590 2112
4281 3427
1517 9295
1517 52
1030 2233
1 3223
1517 5337
2538 8717
1517 9580
1517 324
7834 4030
1517 1880
516 4375
1927 4621
6742 5275
1517 2692
8076 8169
1517 9167
4640 6346
1517 2612
1517 8800
600 8688
5671 2839
8821 2431
1517 9713
3970 8912
2908 5862
5858 8647
1517 1288
8933 4801
1517 9089
1517 1737
252 9367
1017 9024
1517 8685
9844 3306
1517 9783
1517 3452
1880 7204
1517 2945
1517 2518
1267 9601
1517 1250
1517 4633
4912 9369
1517 526
6281 9720
2199 875
3400 3743
1517 747
1517 3587
3462 2694
1517 4231
7407 7640
583 3340
3462 7110
3634 7357
9028 591
2977 4939
1517 8607
2090 9923
5575 9586
9606 6951
1517 6041
1517 3435
7157 1020
1517 6746
5242 3782
1517 7005
1517 9189
1517 6654
1517 8477
1517 4797
362 7761
1517 5222
5692 7217
2073 8347
9734 3365
8372 3317
1517 4391
5057 5663
1517 2316
1517 7181
6088 6177
7747 1055
7890 2608
2606 287
1517 6704
1517 155
1517 8250
1517 5412
1517 1340
1517 7410
1517 6046
1517 6277
1517 2847
1517 6624
1517 142
1517 5850
1517 4470
5161 5013
1517 582
1517 477
1517 7114
1517 7690
3400 6853
1517 9508
233 4680
1517 9423
3327 9128
1517 1728
6372 7541
1517 4810
1517 2516
1517 4618
1517 9895
1517 3518
1215 4309
1517 8918
487 7792
2993 1993
1517 6092
1517 7236
1517 3134
9382 4189
5941 5899
9744 8945
8896 4924
1946 1648
936 1078
6291 4018
6257 9037
1517 9042
9242 642
1517 2240
9166 5318
1517 5993
6899 9284
4166 5750
6859 2873
1517 4387
6297 610
1517 5826
1517 3142
8046 1265
2039 2616
249 3508
2692 7739
6336 3238
1517 1033
6691 2959
1250 3873
8037 6707
1517 7948
950 6526
1517 5772
1517 9565
1517 3247
9335 7394
2073 4766
4951 9520
1517 7161
1517 2962
1517 9152
2692 3613
1517 5199
7182 8995
1517 110
1360 8541
1250 8923
1517 8713
1517 2776
2776 3242
4887 3494
992 6709
7994 9573
1517 7413
4089 5655
1517 7000
1517 2901
7948 6422
1517 1230
6658 6554
1517 767
1517 6956
5997 4667
9382 8104
3530 7886
1517 9272
1517 2736
8979 2387
9167 5672
252 458
6410 3710
5379 2617
9195 3459
2105 1645
1517 1477
1517 1879
2035 6075
1517 4432
1517 9546
1295 8447
1517 6932
8676 9510
448 6626
2736 3783
7182 3870
1517 2002
5337 5963
1517 7033
1740 8841
6654 3307
1517 9626
1517 2485
1517 5956
6658 7689
8581 6286
4585 6416
1517 350
1517 4093
1517 5857
1517 4118
8057 4991
1879 7995
1517 1146
1517 7341
3026 4487
1517 2252
9152 7845
1517 1124
1215 5345
1517 9811
1517 9476
7073 7970
155 2677
9376 6182
1517 2279
2514 4480
1728 4844
1517 9871
1592 5184
7320 8803
4575 1182
1517 7301
1517 4977
1517 2360
1517 7359
1517 1949
1517 722
1517 9016
3134 2838
1517 1840
5379 5068
1517 5096
9508 509
1517 7900
9189 312
1517 2222
1517 4190
4797 3485
1517 8619
1517 8143
411 4163
1282 6436
1517 7324
1517 7421
1517 2674
9484 5936
6956 5340
1517 8562
2199 9904
8127 7508
1517 777
1517 7196
7864 6906
2993 119
350 8547
1517 8535
7429 4135
1517 9885
2516 1992
5449 5627
1517 3079
1517 2031
9167 4679
1517 8550
8127 5960
1517 4985
1517 2038
1517 2057
2908 2161
1517 872
1517 5921
1517 4656
2177 203
1517 2338
4432 1368
2002 2578
1517 708
6883 7578
1517 6503
1517 3156
1517 9943
8046 2445
1517 1153
1517 2798
8780 4658
677 1192
2612 5493
1740 9349
7826 6199
1517 4516
6691 4883
1517 6061
7690 7547
4584 8699
1517 8457
1517 5239
6291 7352
9242 7138
1517 8370
1517 6773
1517 4344
1517 3495
1517 8712
1517 5491
6534 4682
1517 2052
1517 5783
1517 141
1517 5214
6534 7630
5067 1148
3137 9111
6336 2886
1517 7512
242 1459
1517 6533
1517 4078
1517 3702
1517 9668
1517 5410
6250 1296
8780 3650
7175 4226
1517 4488
4424 4266
1517 3503
1517 4830
1517 8926
1517 770
1517 5366
1517 6358
1517 3875
1517 9803
1517 2361
1517 3868
1517 913
7153 4660
1517 9855
1517 5958
1892 3672
1517 8384
3970 844
8054 800
1817 2122
1517 3219
1517 3618
8590 9083
1517 673
6036 1968
1517 1626
3858 9461
1517 4404
3858 8421
8415 586
1669 1084
1517 8102
1517 9482
1517 6557
1437 6823
1517 8626
1517 6702
1517 9121
1517 2563
1517 7194
5412 6202
1517 9437
9317 9004
1517 1107
1916 9307
1517 1115
1517 3979
1517 9835
1517 4941
1517 8003
5941 81
5206 5835
1517 5225
1517 2154
3675 7613
1517 1771
1517 5711
2105 9294
1517 3625
4344 2764
1517 828
1517 7070
1517 3808
1096 1524
9565 5338
1517 206
1517 7615
4775 986
5958 3956
7161 8106
1517 8929
2338 5131
8550 4092
1517 4220
6831 172
252 6858
1340 8465
1517 7631
2516 2428
1517 6355
5826 1800
3384 8762
1517 9625
9272 3101
9794 9526
1517 3623
1033 5078
7429 6115
1517 2707
1517 8570
4618 565
1517 4892
1517 9155
1517 9452
1517 6783
3507 9538
9523 3228
1517 1792
411 4102
1517 2437
1517 944
1517 8373
1517 4539
9895 5142
8630 7973
8933 1887
1517 191
1517 5959
9195 689
1517 9183
3156 5319
9605 9158
1517 8678
2798 3498
8372 3106
1517 8709
1517 3013
6798 6936
1517 9786
7175 3133
1517 7757
2499 6983
3462 7437
1517 5539
1517 5732
1517 8331
5355 9675
1295 9085
1517 2530
4810 2068
1517 4202
2664 7220
1517 103
5321 2768
1517 2141
1517 531
770 6105
6281 2396
8514 2868
1517 2342
1393 7511
1517 3810
5060 1913
1517 5145
1517 9931
1517 1154
1517 6187
1517 1479
3219 9073
1517 1157
2485 6357
3673 8977
1517 2493
1517 3807
8655 573
1517 3773
8375 6467
1172 3513
358 1852
1517 8735
1517 5028
4810 724
4053 3484
1517 285
2775 275
7864 6292
2090 5814
1517 5645
1517 932
3668 7477
210 1757
754 1997
4385 8538
1517 3210
1517 7454
7693 144
1517 9094
1517 6913
9382 652
2518 283
1771 4275
767 6588
1517 1987
1517 4498
2631 4669
6899 2091
7632 9683
1517 1097
1517 9326
7948 5586
3348 9470
1517 3676
5757 4813
1517 1082
1517 4708
8676 2545
950 9261
7459 6678
1517 5650
1517 506
1517 4133
233 6131
3625 2531
1517 8715
1517 5265
1517 6227
1517 6676
1517 7961
1 5270
1517 6907
6956 6379
1517 7308
1685 2230
1517 9265
1517 2929
9523 9680
487 87
1517 6706
1517 1812
1517 8609
191 9511
1517 9774
1517 2495
91 8288
1517 5378
256 6008
1517 9144
8655 5748
8003 1860
6041 6415
8774 1276
1504 6896
1517 228
9144 5534
9094 2607
1719 1224
8384 4505
2721 5322
1517 3274
1517 113
7320 6464
1517 6910
1517 9598
5539 5784
6956 8956
1517 8652
1517 5552
6798 4615
9335 900
1517 9872
3848 3419
1517 2284
4708 4805
1517 9932
1393 5933
4404 5450
1517 5351
5067 4648
1517 7897
1517 3547
1517 556
1517 5217
1517 6273
1517 7969
7615 8234
1517 5741
3294 1388
4430 7788
7175 1201
4220 2014
1517 564
1517 3927
1517 9066
1517 9079
1517 1068
8415 3629
1517 707
1517 6837
8143 4274
1517 8409
9944 9954
1953 6478
1517 9196
8046 7930
1517 4416
7137 4164
6574 893
3400 3113
1517 1958
5410 2430
8969 7116
1517 5786
1517 2371
7158 9298
1517 446
1107 4812
1517 9235
1517 6632
8718 6976
1517 7847
9713 9008
2284 1404
1517 9650
9152 4028
1517 9490
1517 399
3013 9935
4535 6324
8589 9319
1517 3098
1517 6194
3868 3962
781 386
1517 658
1517 837
1517 5227
1517 3988
9895 6832
6166 9299
1517 7307
3435 4683
5807 624
1517 2335
1517 5558
2144 5404
1517 8700
1105 4116
8053 1223
1687 1501
3979 5665
1517 2585
8911 1743
2493 7704
1517 5303
1517 9002
2335 5039
1517 8173
5539 8830
1517 8135
9002 6447
1479 685
9783 634
2606 3729
6358 288
6533 8691
1517 6280
2512 8689
228 8627
1517 4355
1517 1074
7080 8543
6534 8874
1517 7706
4656 3120
1517 5279
1517 8071
9895 8222
4548 2314
1517 812
3274 8807
1879 3367
1517 9473
1517 4287
1517 7636
6291 5436
1517 8944
1517 2169
1517 8990
2563 4082
6355 1820
1517 6207
3770 1753
1517 574
913 5585
4369 9277
1517 4438
7161 3924
1807 7353
1517 3539
1517 1672
1949 8109
4892 7057
1517 6319
1880 1383
837 8274
7826 9989
1517 5003
1958 1630
1517 8792
3564 9609
5861 6045
8792 5911
8896 6739
1517 9693
1517 424
9885 5603
9166 5100
1987 9880
4424 9215
1517 8069
1517 3597
1517 1419
1154 3005
1517 4070
7548 4978
4093 1594
1517 542
1517 5444
1517 1867
9774 836
1517 4063
1517 6808
1517 9438
5225 64
1517 8683
8958 9706
6902 9942
9565 839
7961 5827
9326 2725
5410 8724
9452 7333
1517 1143
7817 3354
6034 1121
8590 3708
1517 88
1517 7667
4775 2655
9811 8001
6742 2919
5974 6493
7114 111
1517 4358
5217 2214
2962 1077
3142 1518
1517 63
7080 5913
1517 8536
2775 2542
2514 7715
7407 4381
1517 3626
8514 9401
1517 1246
3539 8829
206 6589
9295 7239
1517 5717
1517 8837
9002 1244
9002 2911
1396 4172
1517 323
7182 8819
9786 9160
1517 6979
1517 1138
3676 2219
5905 7184
9705 4345
3811 5389
4166 9359
1517 6862
1517 4868
2612 5445
1517 6598
767 7669
1517 8207
7073 6874
1517 5291
1517 2833
6041 640
4941 9362
1517 9622
1517 2334
7429 7718
2512 4185
1880 4684
1517 9213
5347 7559
1517 7701
1517 9194
1517 3890
8003 2599
2516 7185
1517 2250
5217 7594
1517 6559
4887 2261
1916 5313
1517 9696
1517 5523
8652 4944
1517 5403
1517 1158
4237 5304
6773 1052
52 6069
3348 6745
1517 5133
1517 808
1517 7922
4404 3143
4463 2480
7421 8358
1517 3844
228 752
526 1293
1517 3830
5624 1723
1517 9301
1517 1878
1517 8822
1517 1799
574 864
1517 7746
1517 825
1517 3014
5634 6993
1517 6551
1517 2898
1517 7509
1517 7733
1517 665
1592 1407
1517 3198
1517 595
9476 8579
1517 8919
1517 9429
1517 2328
6166 9268
1517 8035
6291 7928
1517 8324
1517 7550
1517 3893
5359 4785
1517 6303
1517 2539
1517 6886
3137 8364
1517 7294
1517 3052
9435 8466
1517 1917
5351 7779
1958 3319
1517 6232
665 3892
7362 6235
142 8086
1517 9173
9871 2391
1517 3436
1737 8418
3507 6945
1517 791
1517 3984
1517 2990
1517 6585
4369 2975
4385 7851
1517 5759
1517 1868
5754 7142
1517 3121
7864 8335
1517 5790
3702 9184
3014 5082
1517 3454
1517 4499
1517 6049
7114 5456
8384 9060
1517 5583
1517 2887
1517 4885
1517 6132
3810 7383
8257 2186
1517 6021
5206 2295
8457 4871
6232 1176
5732 2344
9301 8789
1517 2562
3210 1889
7161 579
1517 5501
1517 2211
5786 2848
3003 6444
1517 8118
4430 9655
1685 5646
3159 5471
1517 7943
861 6211
7407 8090
9042 2756
1517 1674
1517 6611
4465 8446
2114 4845
1880 5233
7161 1514
4927 7573
1517 5721
1517 5651
564 6472
1517 8973
886 9743
1517 2018
1517 7149
1517 9153
7512 209
4539 9057
1517 1001
1517 8396
5645 9577
1517 2123
7294 213
1517 9948
1517 2305
6654 8555
5337 9551
1517 1038
1517 2258
6676 631
9279 8674
1517 8411
1669 9443
1517 9591
1517 3261
1517 7283
5941 9091
1250 1934
1517 442
1517 8368
1517 3590
1517 1422
8630 552
1517 9699
9382 7544
1517 5687
4618 5289
1517 7785
1517 5652
4202 5246
399 7750
1517 6927
1517 8149
1517 1876
1517 2167
5757 4825
1517 1919
2154 1241
1517 4273
1517 3941
1517 339
1517 7426
91 8187
1740 5578
1876 2027
5650 5949
9523 8032
1517 5224
1517 9513
1517 4228
6859 8362
1517 3973
1517 2842
1517 3154
6257 6425
1517 5285
4387 341
1517 4902
9844 9846
1517 2739
1517 425
1517 8138
1517 4392
1517 4214
762 1283
1517 6850
992 1268
1517 1690
1517 8961
1517 5074
1517 6108
1517 939
1517 2905
6355 2241
2643 2683
1517 4302
1517 4049
1517 4037
1517 1474
1517 9116
1517 1106
1517 7790
3309 6515
2338 7103
1517 7047
1517 5551
5692 8472
1517 6694
1517 221
1946 5569
1517 8145
1517 7872
1517 7463
1517 1057
1517 6313
8396 9107
2052 5942
4575 4710
8076 9519
1517 93
812 1118
1517 6622
8983 5273
4797 2866
2631 6869
1517 4895
1517 6871
3590 9404
1517 2220
2721 7881
1517 584
1517 8200
1737 580
1517 3639
1517 1227
1517 1062
1517 4067
7210 8201
7780 5779
1517 6749
5979 1509
8373 8687
1517 5138
1517 5309
1517 364
1517 3558
1517 7452
1517 6042
1517 7270
1517 8081
1799 4448
1517 7381
1517 1458
1517 5985
1517 7274
8590 7903
1792 2184
7180 6818
3623 8915
936 4006
1517 4376
2499 817
5444 7513
886 342
1517 9858
1517 5710
1517 6957
1517 5619
91 1912
9523 903
1517 6536
1517 8167
1517 7268
1517 9550
2252 1991
1949 3352
4037 6013
9786 3806
1517 6258
1517 1502
978 7233
6907 5986
1517 5330
1517 6947
9317 8146
8556 1291
4951 5865
1105 3847
1517 7542
5351 958
1517 5253
4070 5670
1157 5872
8390 4607
1517 3651
3984 7361
1517 6158
1517 860
6559 9097
9796 9659
1517 2286
52 1222
1517 7108
2177 7214
9944 2435
1517 5465
7672 8345
8676 5970
9153 400
6654 8690
1517 6443
1517 3914
5575 1497
6946 3117
324 3958
8918 3178
4430 1663
1517 3599
1517 9228
364 7245
1517 1704
3590 2120
1517 5683
1517 153
1517 6359
3893 7833
5242 9465
4551 8422
1953 5999
1517 1166
751 6427
1517 5610
1517 2907
6257 8744
1517 7971
1517 8204
1517 2125
7655 4722
8888 1519
7459 7707
4302 6521
1517 7124
1517 4044
1517 5014
5214 1895
1517 606
1517 4654
6276 5560
1517 375
1517 4838
7948 3895
808 244
1517 1233
1517 1271
1517 2726
1517 1619
1517 5570
9565 7346
2085 3240
1517 3103
6042 3519
1517 6395
1517 6518
4618 9742
1038 106
8881 2843
3984 8582
3437 5500
1517 5543
2144 3666
1517 972
1517 2392
1517 918
1517 2185
1517 984
1517 2402
1517 9637
1517 2287
7157 5191
5309 4545
9803 1882
1517 1796
1517 6549
7747 313
478 5571
9322 1228
1517 2082
1517 6494
1517 1190
913 3386
5850 9979
978 6933
7181 6256
1517 4149
1517 2074
1517 2689
1517 672
8372 4946
1517 8598
1517 2156
6979 8622
1517 9653
1455 2716
1517 3866
6946 7464
4281 3091
2194 3655
1517 2290
781 9982
812 9845
442 9829
9786 4137
8426 7298
1517 7086
9625 8342
6041 4662
1517 1943
9028 3180
1517 8662
7332 34
6088 1207
1517 6879
1517 6152
5057 3102
7579 6201
1517 3231
1068 7787
3103 7152
1517 7605
8584 3853
9301 7393
1190 4975
6859 7720
6276 3249
8609 695
1517 1647
7667 7871
1517 1171
1876 6660
1246 4096
1517 6565
7636 6306
306 8921
1517 3930
1517 6236
1517 58
1517 9427
2664 4083
1517 1822
4044 5591
1517 3328
1517 7455
4654 4255
6654 4963
1517 2424
1517 6954
8598 5919
4391 551
7157 2526
5303 7
7047 3546
7575 5525
1517 1574
1517 380
5359 5726
5710 8240
2105 7978
1517 463
6805 9798
1517 8743
8700 9118
1517 4783
1230 967
1517 4019
2154 5618
1517 7942
1517 9684
1517 2588
5378 4819
1517 1651
1517 6822
5379 8183
7900 1229
1687 6561
8979 7505
1517 6320
1517 3330
8881 2598
1517 548
1807 4890
521 136
8969 2351
1517 5470
516 9676
1517 247
9914 4073
1517 9576
1517 6982
8664 8985
1517 593
9326 6637
7426 1469
8944 876
1517 1009
1517 2069
1517 1454
1517 3917
1517 6781
1517 2535
1517 195
2485 7532
7144 8141
3673 5631
1517 6959
5575 9825
8911 9666
7283 8820
1517 9239
1517 9001
1517 1637
1517 813
7407 9602
1171 6479
1517 9161
1517 8488
8896 6071
7362 3124
708 4297
1517 96
1517 6044
2059 6690
3198 413
1517 7197
4902 5336
7452 979
7551 4065
1517 2999
1517 6181
3363 3225
1517 7938
1517 9114
1517 1108
9042 528
5759 78
1517 9654
1517 3504
2791 2450
1517 6234
1517 4732
1517 7683
6276 807
8149 8561
1517 2262
8944 3402
1517 9887
3452 3822
1517 8269
6611 8960
606 8951
1517 7190
8652 5495
754 4692
1799 969
1517 53
6979 8847
516 3029
1517 7744
2105 8846
1517 4159
8700 4327
1517 4919
448 3077
3810 7684
7345 3369
1740 4858
155 9033
1517 1367
2123 4007
6365 6514
3210 5701
8143 1112
1517 519
1517 1348
1517 1040
1517 2170
7943 3181
1517 3542
1517 2724
4895 4925
1517 3649
8990 7617
5403 7075
4498 4454
1517 5962
2437 5763
1517 6689
8926 2671
1517 3837
2721 6646
2258 4077
1517 1920
1517 4779
2798 5630
1517 3338
1517 3975
6132 975
1517 4124
1517 2559
2530 127
3988 8809
8200 5947
1517 6440
1517 5528
9565 648
2199 9682
5921 2251
3495 9400
1517 703
3079 8738
1517 2324
1517 4806
1517 7431
6207 1327
1517 4346
4067 1908
3788 7288
1517 7295
2286 9714
8969 2960
1517 6482
1517 212
8676 8140
1517 30
5265 8252
1517 5203
6837 5479
3848 7607
1517 7960
1517 5990
2250 6170
1517 8334
1517 5383
1698 1220
1517 2131
6932 3370
5145 5107
3400 8932
1517 8114
2977 9543
1517 9181
1517 7266
2798 9592
1517 1186
1517 8248
1517 8346
7615 9282
5985 9120
1517 5565
4488 225
1517 9681
5570 3747
1517 7719
812 7205
6822 9838
1517 6402
7073 4635
1517 1210
1517 9075
4355 4150
7859 588
4287 4589
6781 1825
1517 5247
5444 6657
7938 2870
4358 4976
1517 8876
1517 1428
1517 1485
1517 2734
2901 42
1517 2466
1517 2271
1517 7099
5199 7777
1517 8558
8003 790
1517 8367
9235 5151
754 9753
7847 373
9042 6162
1517 2178
2726 5600
1517 3552
3468 1334
1517 7499
5359 1833
1517 7714
1517 2824
5321 6203
9562 9441
4575 7312
6742 679
9089 2476
8488 2770
1517 8523
1419 1709
1517 7229
3462 3878
315 7800
1517 2065
1517 8163
1517 5847
4830 2730
3868 765
3875 7755
9173 7609
1517 8101
2898 1881
1517 7418
206 8649
1517 9099
9121 5626
1517 2558
1517 5086
8904 1219
1517 8182
1517 6848
1517 6508
8411 2893
4846 3
4438 6531
4779 5628
1517 9782
4797 2160
1250 9006
9437 3357
1517 1270
7757 7376
1517 5548
8929 8124
1958 241
7455 7483
2305 5707
1517 8329
1001 3243
1517 8243
9001 7131
4019 3995
7575 6949
2258 6639
3330 942
2437 4574
7765 7379
7345 602
1517 4862
1517 9405
4548 7932
1517 5806
1517 8404
1517 8796
1517 7878
4347 8986
8054 1389
1517 5137
1517 7104
324 6056
91 7622
1517 5867
1517 2482
1517 4703
5242 5596
1517 7874
9713 2623
936 443
1517 7433
1517 6406
9437 5029
1517 6314
1517 500
1455 4702
2084 7789
548 2840
1517 2129
4885 795
7196 3176
253 2690
4070 3932
8780 4441
5692 3275
6902 5228
9326 9141
1517 3442
8143 3322
1517 265
242 7024
1517 3598
1171 7538
1517 998
8046 3842
1517 7484
113 2984
7631 5870
1517 7323
6061 4974
5687 4059
9429 5535
4732 693
1517 9730
1517 6966
2674 801
7550 193
2074 1732
2516 4932
1517 8686
1517 1199
1517 4833
1517 7809
5650 9009
2222 5818
1517 4300
4287 8914
4887 1966
1517 961
8346 6068
8961 4225
153 7799
1517 1589
1517 9339
516 1002
1517 2928
1517 2709
1517 3260
3210 1903
2518 2668
1517 9529
1517 5856
1517 4042
1517 7646
1517 4254
8264 8249
1517 6935
1517 8871
6598 6003
1517 8074
1517 2193
1517 5332
1517 4926
7790 1174
7452 8644
1517 5723
1517 7535
1517 73
4779 3414
1953 9638
1517 8219
5710 4143
3973 2719
1517 2799
3454 394
1517 7773
1517 6114
9918 3130
1517 2966
8368 1237
1517 5062
9335 1634
1282 6994
1517 8369
1517 5426
4941 841
1517 9481
1172 7588
8368 1670
1517 2180
5253 9521
2734 2491
1517 6147
1233 6649
6574 6610
3198 5169
1517 7626
1517 2004
1517 7487
1517 1918
1517 7350
1819 1079
5086 8376
4927 3410
9195 8606
1517 9479
4399 7178
1517 6378
1517 3211
5858 5164
1517 6343
1517 2711
1517 8283
2296 4966
1517 4119
770 7423
1157 1683
1517 8949
4392 2869
1517 4907
1592 3387
1517 4024
1517 1911
7579 4403
1517 3935
7086 7914
4797 1794
3222 143
1987 6127
8676 4138
1517 8094
91 6789
1517 1026
1517 6769
6947 3341
6683 5
2193 3544
1517 7985
2280 9568
3308 5168
3625 5457
1517 9716
1517 3065
1517 2040
3527 7813
1517 957
519 5187
1517 3241
1517 1656
1517 1457
2631 2880
1517 4315
7070 5328
1517 742
1517 2050
1517 9799
477 2972
1517 9374
7210 717
5523 6466
1340 3051
1517 4612
1517 3072
1517 1607
1517 7966
1517 200
1517 2830
1517 9292
1517 9831
1517 1763
2905 7633
1517 282
1517 8620
1301 3416
1517 3588
1517 927
2791 9007
1517 7151
1517 1789
1517 189
1517 6135
3930 8999
1517 1359
7033 2229
1517 59
1517 9164
1517 3372
1517 1559
5003 8954
3941 355
1517 6179
6654 2046
2588 3817
4053 7349
210 8884
1517 846
4273 4876
7421 4758
1517 9813
1517 1181
1517 3280
9183 7089
1517 2923
762 8510
399 8595
1517 9459
1517 179
7136 1964
8875 4542
4237 9293
1517 8866
1884 1604
1878 1503
1517 9266
1517 2312
6049 5582
1517 1547
8700 3061
6440 4886
1517 1206
826 7112
1517 4234
6363 3270
1517 5698
1380 3457
1517 4502
1517 7584
1517 76
1517 1441
3542 5489
7605 5472
2798 8299
1517 8378
2123 8748
2342 436
1704 738
2977 955
1517 133
2776 6644
1878 2118
7407 7816
1517 4260
1517 6332
6902 7456
1517 9222
1517 6544
1517 8392
5683 4128
1592 4230
8866 347
110 483
1517 1091
1171 823
1517 8694
1517 5307
1517 5441
1517 9533
189 4312
5028 8549
6297 5762
7151 5682
1517 6900
4548 482
1517 2021
5689 892
1517 1379
1819 8256
4159 9552
5783 1056
1068 1849
1517 4599
4308 1928
5427 2257
3811 5774
1517 9464
1517 3986
1517 633
4237 8304
1517 5555
1517 1050
7817 5009
8324 8539
5465 1041
7060 5122
3539 1306
1517 6278
3260 3399
6383 4170
8926 6370
362 5735
1517 8088
1517 8130
5291 4062
1517 5431
1517 7296
1517 5373
8685 5584
677 6078
1517 5573
1517 6777
8792 3012
7158 2790
1379 160
6749 8601
7060 2266
8700 772
1517 6743
5806 6310
1517 9574
9301 8643
9744 3863
6320 9723
1517 7168
4254 2497
5378 6176
1091 5994
1517 8263
5076 8892
1517 3450
1517 7835
1517 1901
5214 1791
1517 734
1517 8153
1592 7240
8683 7198
8979 9328
6947 1525
1517 1667
5188 138
1517 988
7809 680
1517 1377
6044 9415
9668 5481
1517 6070
8694 8258
4565 9688
6899 6970
8127 4001
9235 2763
8367 4522
1517 2378
9476 1615
4367 3754
7151 2341
1517 601
1517 7279
1517 4039
1517 6247
1517 7804
1517 3074
7137 6889
6207 5765
1517 8089
918 1568
1517 2988
1517 7043
1958 185
6827 1823
1517 3166
1517 4090
564 6786
1517 4305
1517 9068
7773 3823
2539 5506
1517 9657
1517 3763
1106 3149
1517 6852
8409 9851
1517 9214
1517 9535
4214 9539
8686 3920
5217 6931
2538 1527
1517 3826
1607 852
1517 4105
2131 1851
1517 5149
5062 9192
1517 7679
1517 8158
1517 9930
1517 8527
1517 2567
1517 4528
1517 8769
3599 3580
1517 9888
1157 3658
1517 1007
8774 8188
1517 6873
9931 4393
133 5580
76 3784
1517 2471
2905 1242
6046 4998
8054 4011
1517 9486
4346 8144
8053 4350
6257 4087
7000 5261
1517 868
1517 9607
8426 1431
9476 7039
1517 2921
1517 9627
6624 2357
1943 8532
1517 3813
2590 7568
1517 7972
8102 8766
4535 5712
846 3139
1517 8061
1210 33
6042 6484
1517 6964
1517 8778
9167 7806
1517 2773
1517 2095
5806 3566
5379 3845
1517 2400
3363 5796
1517 965
9565 4512
1517 5883
1517 9052
1517 1427
1517 7884
1517 935
1792 6736
1517 4324
2392 6184
1517 5401
1517 5037
1517 8900
1396 3727
1517 6727
7575 419
1517 838
1517 3373
1517 3043
6110 7888
1517 401
1517 7593
5552 9502
2799 3089
1517 9430
1143 4715
1517 3086
1517 7889
8089 4349
1517 3062
1517 4192
1517 4517
1884 6233
8369 5907
7000 1150
1517 9396
1517 1061
1517 688
1517 3667
1517 9056
1517 8298
1517 3262
1517 7150
2170 555
1517 937
9056 4216
1517 8206
1517 9249
3970 4649
4308 6057
1517 3353
1517 6642
1517 5514
8053 8002
1517 1671
1517 3083
4907 6960
6704 7531
1517 6820
5883 7691
1517 820
7268 1451
4399 4843
9144 3289
6194 5891
5309 2904
1517 1936
6034 9614
1517 1324
1517 4739
8264 888
1517 9093
7948 44
1517 7472
4391 1067
1517 1938
1517 9043
9943 4252
1517 5061
1517 8136
1517 4796
1517 5743
1517 7567
1517 7737
7182 4060
1455 9669
1172 3746
8102 857
1517 5931
1517 6924
1517 6173
5337 2249
1504 7925
8243 3834
1517 9049
1517 4247
1517 4148
6777 4718
8054 8692
1517 6768
7719 7215
1517 369
1517 6468
937 2032
1517 8783
1517 3063
2262 4045
1517 7403
2202 3561
1517 5771
3542 7442
1517 8043
206 8360
1517 452
9195 8442
7070 7770
1517 7597
7655 8637
1517 2416
133 388
2773 960
1517 8279
972 2490
1517 2273
6372 4303
1517 112
1517 2780
1517 3474
5790 2564
6042 1708
2371 1300
1517 2142
7746 2777
1517 1492
1517 4877
1517 1111
4732 3534
8911 4395
1157 7023
3473 8760
820 4920
1517 5636
1517 2925
5552 3094
9681 7186
442 6441
1517 4623
7733 8496
1517 2467
9622 1909
1517 2208
1517 6645
5885 2639
1517 2584
1651 5983
1517 8515
1517 8318
5528 4008
1517 4100
3810 3321
1517 5390
1517 4804
1517 3734
1517 4478
1517 6925
1517 3336
1517 803
6959 829
9153 5706
8969 9777
415 240
4391 1513
1517 7802
1206 6296
1517 727
1517 2891
5161 1845
1517 4212
8607 6004
1517 6093
1517 1462
9783 1776
9166 4789
9405 2628
1517 1649
1517 1573
6353 6659
1517 6861
8918 1218
1517 2625
5242 6552
2585 2116
1517 9629
8248 870
9565 7665
1517 5248
812 5124
1517 1846
1517 4206
1517 5834
1517 3087
8430 4824
1517 2454
1517 66
7548 7337
1517 3846
1517 2702
1517 9853
1517 2330
1517 4864
1517 7519
1517 8387
1517 9450
8676 5329
9607 2930
1517 4125
2185 8126
2276 6802
4305 690
1517 3409
1517 9643
1288 1140
1517 8897
1517 615
5790 7139
4838 9707
1517 1564
1517 4031
1517 9348
1462 3046
944 1289
7268 3677
1517 1841
1517 1362
2990 2076
1517 5234
1517 3647
1517 1571
6549 4559
8626 7763
9637 4115
1474 1579
8477 4245
1517 568
1517 799
574 2703
673 1688
411 2528
1517 271
8373 3824
1517 4854
2945 9315
1517 7830
1517 7200
1517 9997
4754 409
8821 4835
1517 1658
2178 8168
1517 124
1517 577
2925 351
1517 2133
4190 5825
7086 3841
1517 3318
8712 7434
1517 412
1517 2496
1517 9014
6654 7225
3988 9019
1517 8228
5995 3109
3450 9802
1517 3075
3540 7373
3198 4277
1517 835
6358 3151
7043 469
1920 2577
6034 713
1517 1072
1517 4444
5465 2045
1517 6333
1517 2950
6642 9807
1474 9830
1920 3021
2580 8863
1517 8014
872 6204
7426 2008
1458 6129
1517 4689
1517 2660
777 5077
1517 4544
7780 4888
4424 5984
1517 1756
3542 311
1517 499
401 1261
1517 4219
1517 9745
1517 3293
3647 8604
9444 7007
1517 7052
4248 9274
1517 3239
1517 7013
1517 130
1517 3592
1517 1802
9535 2192
1517 9197
978 7228
1517 7094
1517 7869
1517 2343
2518 183
2057 3759
5883 1423
1517 8111
1517 1727
1517 9394
3075 4849
2847 9018
9650 2944
1517 9896
2780 4071
1517 6991
1517 8901
1517 9113
1517 147
2018 5752
6236 116
253 8117
1517 5056
1517 7370
5636 1561
6565 5177
5062 1344
7094 1948
1517 3034
3210 4771
8153 3579
6187 1071
5575 4724
1517 627
1517 9428
1517 9545
1517 635
2514 2987
3409 1322
9855 100
4979 3966
1517 6867
6706 1767
2185 7728
1517 5837
1517 6602
1517 4036
4432 5105
8035 5996
5548 7677
2276 57
1517 4852
1517 6627
1517 7485
6900 6255
1466 5909
1789 5126
7971 9411
9629 7311
1517 5607
1517 9761
1517 5111
3474 6020
9813 9760
1517 9211
1517 2793
3935 853
252 2171
1517 6380
8129 2637
1517 5669
6899 6731
1517 1730
1517 6803
8248 3284
1517 9246
1517 2459
9196 6510
5161 8412
58 5648
1517 2845
1517 2325
9885 4625
1517 6722
4302 4264
1517 6124
1517 5251
1517 8742
6440 9981
1517 3422
1517 6692
5959 5118
1517 6715
6805 9984
837 9086
1517 3891
1517 9154
6358 4242
1517 7909
1517 8530
487 906
1517 1570
1517 6992
7418 2278
8535 2001
1517 1235
1517 2667
8136 8771
4281 9754
8514 9224
1517 9559
8581 3898
1517 7100
1517 5016
1517 9959
519 8909
5573 186
1517 9810
1166 4298
8780 1924
1517 5430
7985 6329
1517 9257
1517 7546
1517 6360
9242 9178
1517 6081
9121 1054
5885 4778
1517 2412
6021 2253
1517 2281
1517 4711
1517 6487
1033 9039
7013 156
4424 5244
1517 7495
3490 5081
1517 1512
1517 6111
1517 9883
1517 1356
1164 6174
1517 7411
1517 6398
932 1668
8334 9483
1920 7302
1517 7825
3999 8784
5003 5212
1517 9256
2335 1552
58 3127
9761 5183
8523 6984
9747 383
1517 5564
9693 9785
9079 9233
1517 405
1517 1746
1517 5511
1517 8389
1671 5052
1517 8659
1517 8332
1517 1859
1517 9096
5931 8285
5224 4276
1517 8479
1517 2964
6863 1269
1517 4787
1517 1853
6808 6766
1517 6305
3075 9072
1517 9303
6034 9127
5199 8287
1517 1299
6147 2331
1517 7278
1517 535
777 6349
1517 6733
9684 7123
5359 7764
4039 5477
1517 3755
6848 2863
2405 732
9043 5121
5037 1962
1517 5568
554 9874
9637 7514
2590 3885
2154 3943
1517 9122
477 3276
1517 305
1517 5297
1517 6151
1437 815
1517 6339
7826 7500
5307 3382
5861 6817
1517 3320
1517 8476
1517 6369
1517 7465
5565 262
1517 8260
1477 5719
1517 41
1517 8492
1517 3850
1517 3033
1348 3501
2437 8443
1517 4104
1517 674
3558 5930
1517 5370
972 4191
2312 8720
1517 7504
1517 597
2667 4981
1517 6625
6236 4552
1517 6437
1517 1541
2371 5828
1517 3028
9016 7380
1517 9905
1517 6778
1517 2166
1946 5160
7005 1777
5869 6604
1637 2291
5060 4798
7746 277
1517 9324
2281 7265
1517 8775
2424 8545
7403 5973
9228 5266
1517 9998
1517 5898
1517 4511
1233 4388
1517 6794
1517 512
1517 6940
1517 7837
8897 7820
1517 2648
1517 2968
6313 3971
1517 3479
7765 788
1517 4538
4488 3959
4979 1168
2824 7014
4202 1400
6691 6596
1348 6791
7164 9937
1517 5622
6305 3981
5743 2182
3986 4290
1517 8840
1517 5526
1517 2475
4416 5030
6627 7697
7196 6133
1727 7322
5816 6506
1517 1894
1517 2368
1517 9440
5227 4527
5307 5975
1517 125
7175 3049
5297 2439
7943 8528
2368 1567
1658 9446
1517 1774
2169 2665
8581 2645
3542 2825
2290 8408
1517 1760
1517 6492
7969 4898
1517 1758
1517 8608
4830 756
1517 1444
1517 7034
1517 5677
5958 7441
1517 8468
8787 4268
1517 316
478 3888
1517 3144
1517 2299
4148 9341
1517 1390
9787 4870
1517 1399
7809 9660
1517 4013
6383 6865
7274 6338
1359 3020
1517 6740
1050 4280
7824 1565
1517 4620
1517 3816
6544 7919
1517 1842
5552 6051
5754 9737
191 1818
4125 6386
7632 3279
8136 5116
2405 8312
1517 5262
1517 8679
9486 9617
3530 668
2185 4074
1517 1149
1517 9302
9905 3758
1517 5278
3142 982
6974 3175
7060 5474
1517 258
1517 3680
1517 9053
2791 6674
1517 2613
1517 331
8900 7941
1517 1098
6041 896
1517 2620
9094 3689
7972 5854
1517 3095
1517 6086
1517 3753
1517 2774
2726 8585
5861 667
1517 7176
1517 1560
1517 3165
1517 5764
1517 7127
1517 1925
1517 7522
1911 5115
4159 4331
3239 8157
1517 8459
1517 1197
1517 8444
7597 9600
6181 6094
6132 2012
3625 9964
1517 2303
8369 7908
8821 8073
1517 7248
2185 3940
1517 3583
7785 2358
1517 1043
3734 7530
6278 1413
1517 9157
1517 5439
583 9907
1517 763
2085 8432
1938 6251
1517 2451
1517 7850
7922 2418
1517 2827
1517 8613
5736 1994
1517 9467
1517 8082
4220 204
7104 3213
1517 620
5551 3451
6281 3719
1517 3203
9605 4596
4134 2540
535 1488
1517 671
8476 3575
1288 5965
1517 5442
1517 5292
