1000 539
235 886
539 235
886 539
539 660
539 490
539 51
539 931
539 553
931 354
490 995
931 267
539 510
553 904
539 90
539 734
51 238
539 453
51 426
539 545
539 260
90 983
539 821
510 909
539 508
539 653
539 217
539 747
539 431
734 911
90 917
539 117
539 218
539 28
539 739
539 184
539 848
539 529
539 575
539 629
539 425
539 36
539 791
848 582
539 121
218 698
539 365
539 394
931 905
539 415
539 199
490 863
539 416
539 92
184 585
653 26
539 769
545 40
539 800
539 559
791 879
539 38
539 795
510 749
539 668
529 479
539 286
539 770
218 348
539 234
660 248
416 482
931 688
539 966
416 873
431 417
539 804
539 393
286 37
539 451
539 450
539 496
539 647
539 722
539 709
539 224
553 972
539 382
539 462
722 537
539 891
539 247
539 874
791 990
415 270
539 600
539 948
647 473
539 695
539 803
121 115
539 887
874 452
529 478
539 404
539 326
539 430
539 59
539 221
848 222
539 293
539 278
647 89
539 963
394 556
539 77
539 390
539 125
218 929
28 542
539 20
539 935
539 820
539 263
51 60
539 811
539 706
539 487
539 532
539 910
260 228
539 57
539 120
931 616
539 56
539 244
539 429
92 964
218 342
539 483
425 640
278 982
539 403
539 762
539 64
948 778
90 682
77 847
874 733
539 985
820 68
483 441
539 449
695 400
539 632
747 699
539 786
811 596
403 156
539 133
539 705
393 694
539 940
539 440
539 274
539 543
940 789
539 412
539 66
38 594
539 368
539 703
539 900
483 669
440 468
539 808
709 375
59 783
539 555
539 617
891 760
539 930
900 73
647 132
539 970
539 44
539 745
539 841
539 353
430 226
539 437
539 442
539 99
770 55
539 58
539 549
539 689
963 87
539 884
92 97
416 345
539 611
539 717
539 751
529 198
539 764
487 265
539 915
449 370
884 233
539 870
539 606
539 661
553 196
791 150
44 813
20 254
539 45
539 583
539 459
496 561
394 563
948 899
611 920
841 947
539 334
804 455
820 708
539 704
539 681
539 550
218 736
791 578
539 288
120 336
575 423
770 371
365 75
429 366
539 845
20 251
539 163
545 70
440 771
539 17
963 531
709 280
539 22
891 837
51 523
539 502
539 389
28 49
539 88
263 96
390 893
44 245
539 814
539 969
539 377
910 443
539 93
431 239
887 281
539 926
334 753
77 39
453 566
394 418
539 410
821 331
539 817
539 838
59 445
57 172
611 493
539 683
539 651
539 954
429 567
234 476
762 255
800 237
539 242
539 127
539 424
969 162
247 378
539 628
539 446
722 903
661 759
36 822
647 131
58 465
539 271
539 564
539 339
539 925
539 138
532 667
539 1
539 494
660 507
260 23
539 851
539 116
539 959
539 438
133 746
539 836
539 381
539 842
539 921
539 285
539 144
271 467
539 547
539 387
539 834
836 15
874 897
539 992
915 474
539 151
539 962
706 420
539 622
900 631
539 619
234 592
539 853
734 923
20 136
381 407
948 154
886 587
886 599
599 214
214 33
33 768
768 341
599 878
886 665
665 866
886 967
886 998
341 620
33 433
33 102
33 395
341 480
102 357
33 463
768 696
886 684
866 454
463 333
454 826
454 118
886 223
886 157
620 392
392 448
886 639
886 885
866 10
392 807
392 350
223 516
480 927
885 949
967 635
886 470
448 169
886 580
10 456
807 514
696 755
392 485
157 586
886 309
886 200
485 25
587 95
696 997
33 190
33 765
927 973
357 489
392 9
118 671
516 501
392 758
485 2
878 141
886 298
886 955
392 558
886 854
157 844
357 104
95 338
886 78
169 790
790 524
790 385
524 398
949 13
927 961
886 477
886 994
758 952
927 776
454 839
886 509
357 551
485 325
635 674
790 515
952 979
2 656
886 111
95 380
671 327
489 605
516 498
839 626
790 355
325 809
620 741
826 521
979 720
480 434
10 914
25 526
10 185
33 12
886 767
866 675
526 323
886 18
350 14
355 101
886 284
671 752
357 246
338 744
741 634
327 761
325 608
790 672
979 687
101 435
118 541
886 643
656 974
25 876
809 977
12 519
886 207
435 82
82 888
997 232
2 913
671 827
913 978
551 637
827 936
2 882
433 742
516 505
516 304
435 730
914 630
395 29
190 670
882 27
888 471
25 859
859 528
767 527
730 360
341 518
14 47
997 756
854 738
505 376
888 160
927 193
844 697
630 953
360 831
435 833
831 43
435 295
809 48
435 137
831 711
357 318
844 346
978 862
360 61
927 938
435 240
111 562
398 714
435 737
360 819
185 386
516 294
101 229
714 799
14 383
914 170
12 272
82 308
711 19
742 62
756 391
471 782
505 182
711 828
886 942
979 213
9 74
19 283
626 614
639 654
997 315
433 685
333 946
272 167
518 798
526 725
978 678
953 534
398 774
74 94
82 411
738 710
454 701
283 128
927 806
43 855
526 114
82 593
411 636
711 231
74 86
949 155
498 625
637 522
819 658
229 557
229 189
656 119
471 319
43 126
938 908
654 166
470 850
433 436
670 313
360 731
844 906
128 201
711 792
514 153
844 421
231 645
635 707
128 602
333 269
86 591
671 861
696 332
819 958
670 662
599 604
886 950
170 999
182 801
229 780
392 638
104 183
114 693
908 35
792 569
967 256
658 408
201 830
952 621
602 860
886 922
888 702
886 367
240 352
231 8
104 835
137 384
774 735
137 777
189 46
711 307
886 856
304 41
782 937
860 840
269 460
471 220
862 517
782 259
501 202
737 164
46 290
298 805
528 590
636 147
201 32
702 356
602 329
625 253
201 250
602 42
777 943
850 727
593 754
313 11
866 715
521 168
886 504
958 146
678 135
294 161
200 108
170 192
283 109
946 576
790 646
109 31
454 852
591 538
164 268
886 818
946 503
42 181
181 91
137 815
886 197
471 788
436 864
384 781
792 249
569 951
240 506
161 581
586 883
602 896
91 989
398 560
8 314
756 210
506 663
319 650
250 613
153 533
876 584
235 142
235 491
142 892
491 372
235 679
892 397
397 275
275 16
275 219
397 802
892 570
219 574
397 939
16 65
16 686
219 402
802 548
142 552
552 991
552 499
548 216
991 980
219 262
235 152
991 868
397 941
262 673
499 324
548 691
219 649
235 289
552 76
216 143
491 257
548 266
143 179
991 123
892 212
552 206
235 513
143 865
513 158
513 405
152 30
235 208
649 4
235 401
16 103
499 495
495 52
219 422
865 145
941 612
257 872
235 139
235 535
145 54
939 623
865 609
235 444
535 113
235 374
324 447
54 902
54 63
54 439
289 311
548 297
206 664
235 633
143 716
991 901
649 648
980 858
648 457
374 175
76 81
865 149
16 194
548 84
52 729
609 825
679 743
145 215
113 79
79 225
673 598
4 618
215 349
513 369
499 676
175 944
716 511
139 321
235 823
401 264
499 869
980 723
65 933
422 492
194 589
673 362
235 957
362 779
991 112
54 772
152 107
513 554
513 409
4 351
679 399
139 330
933 388
779 419
419 134
570 932
664 986
235 252
679 340
716 427
351 960
134 475
143 203
63 464
444 889
902 458
113 428
143 987
107 396
825 335
4 347
609 130
513 243
492 981
574 204
130 530
458 615
615 627
615 500
235 965
615 794
206 373
933 317
779 1000
513 867
351 666
54 305
212 719
570 241
548 785
235 832
991 520
235 536
615 358
723 601
615 53
145 379
513 277
235 276
123 796
212 211
589 124
666 258
464 877
615 177
686 773
142 540
633 205
373 812
349 934
235 895
4 406
796 577
335 83
933 690
53 595
743 975
686 486
54 461
4 322
305 176
235 71
595 361
235 69
779 890
235 6
933 484
574 21
143 80
743 432
6 718
723 916
464 129
464 466
491 191
673 363
215 898
215 302
877 984
361 227
427 829
227 568
275 816
275 712
54 364
570 148
158 209
627 188
266 724
779 299
123 641
568 7
464 306
235 171
374 186
347 655
568 320
142 597
320 344
975 918
648 976
344 700
149 571
816 728
65 572
679 187
320 328
898 657
829 300
227 165
379 67
877 100
691 624
235 291
291 573
235 469
7 359
618 945
264 85
235 871
372 303
306 748
601 810
609 797
361 875
361 316
219 180
475 301
475 105
171 680
235 174
875 824
212 732
743 106
573 282
129 843
311 659
235 721
975 122
571 763
276 677
361 279
548 287
568 312
105 956
63 924
824 343
235 525
148 472
165 692
328 846
464 857
235 610
303 565
188 413
700 98
511 849
235 414
677 787
500 195
361 579
312 110
655 140
130 588
98 72
932 907
846 775
812 996
179 488
846 793
763 497
361 5
195 512
312 310
907 546
657 750
176 894
464 881
868 968
857 34
372 236
475 173
512 296
312 757
34 178
72 713
110 652
980 740
83 481
846 993
312 3
773 261
535 273
261 603
328 50
343 607
700 971
402 159
980 988
458 880
571 230
825 292
413 24
787 766
960 644
177 726
203 784
679 544
54 642
351 337
279 928
588 912
359 919
