999 397
456 270
675 456
328 675
529 328
410 529
955 410
828 955
807 828
377 807
270 377
955 629
629 738
629 39
39 932
932 242
39 976
976 580
242 444
955 640
955 259
39 475
738 98
444 870
580 281
39 699
242 835
259 34
955 143
870 435
955 123
281 243
435 197
242 966
197 124
98 752
955 766
197 991
475 204
738 583
870 706
955 981
124 72
143 269
281 69
72 79
435 928
269 610
955 867
955 370
955 430
991 227
430 802
752 548
752 645
966 266
991 753
124 721
766 286
721 866
242 984
955 116
928 868
548 165
123 29
835 66
281 260
79 792
738 900
269 778
955 490
738 950
435 38
792 790
38 657
548 179
866 91
645 507
583 584
981 579
991 133
133 203
790 254
269 78
124 757
778 301
790 751
301 92
281 668
79 586
586 74
866 139
657 744
766 995
950 978
123 667
900 262
984 46
254 131
79 349
74 436
281 634
790 394
583 576
955 25
203 41
955 329
133 417
706 763
79 249
580 6
29 452
69 921
79 478
131 503
41 874
254 745
753 252
254 312
763 519
706 843
139 853
503 466
370 715
227 653
868 969
260 166
721 153
955 544
966 463
932 604
976 111
868 679
995 736
519 484
503 482
610 168
503 158
653 697
745 64
697 369
74 527
64 945
269 637
853 494
751 999
124 403
583 352
668 145
503 501
653 585
153 465
752 326
790 899
143 235
874 628
978 150
494 496
757 687
72 185
252 8
185 983
576 701
166 893
34 289
69 471
745 239
503 811
494 200
978 280
92 742
494 457
657 57
763 839
482 178
158 366
239 685
757 822
482 283
38 104
471 433
158 486
281 740
366 856
580 346
921 334
239 632
503 421
486 237
6 175
697 50
870 267
501 946
369 592
430 385
153 711
839 195
254 18
168 573
269 762
131 515
280 113
515 32
679 55
874 54
995 126
104 943
72 198
856 572
991 332
370 909
254 17
168 449
573 731
17 118
955 476
72 474
955 748
403 582
503 716
983 975
763 161
843 284
921 627
227 696
874 439
267 614
262 888
744 341
802 135
369 914
572 351
457 817
645 578
17 659
582 75
738 553
175 190
421 310
439 485
281 673
969 643
104 797
716 514
572 849
999 264
731 760
701 761
126 895
667 737
751 812
592 350
17 723
572 392
351 551
366 686
435 20
723 733
32 373
553 765
544 405
686 911
551 241
403 36
527 518
697 951
551 7
32 528
113 192
139 371
752 602
310 877
55 525
528 897
237 232
66 319
685 625
911 398
153 297
398 781
466 96
444 717
637 517
736 201
351 692
241 218
465 938
227 931
260 896
124 148
976 806
721 841
241 524
921 982
69 964
421 127
576 367
514 913
127 390
131 157
237 84
50 695
7 840
853 427
197 710
370 333
946 380
710 360
723 21
524 552
781 927
867 35
552 389
932 419
113 930
390 777
867 574
84 376
673 891
390 233
659 59
524 128
544 76
139 652
289 883
572 294
763 411
475 860
911 861
389 729
760 591
64 431
966 154
514 694
524 459
592 493
552 746
389 871
403 949
398 782
496 302
840 819
179 511
524 603
790 472
729 10
503 957
111 470
376 375
204 712
376 160
411 725
524 749
98 176
955 83
218 885
375 365
955 132
389 13
10 759
591 491
582 428
10 99
13 612
74 172
74 211
428 959
197 215
668 479
738 726
524 798
484 827
603 581
692 855
113 202
685 504
218 212
428 730
969 462
519 887
695 804
326 171
375 644
931 187
860 661
99 238
476 140
612 618
485 609
190 934
760 477
124 549
148 918
524 842
949 209
218 688
885 159
394 182
218 508
999 151
868 617
673 397
897 854
710 181
842 354
233 894
983 505
729 448
551 780
254 953
430 837
427 245
955 676
524 94
59 858
243 698
390 850
218 533
333 320
524 722
116 129
911 42
632 274
911 655
182 624
982 208
717 892
10 532
465 213
692 141
150 859
365 188
928 395
780 703
871 750
289 848
737 796
527 330
871 923
69 277
36 290
135 758
178 497
238 826
591 520
238 986
921 794
692 674
959 810
777 890
389 339
527 916
657 805
657 340
160 509
955 418
712 193
811 173
349 630
290 631
351 279
436 942
436 103
351 331
949 382
103 691
54 318
969 402
976 458
145 768
369 616
232 732
529 793
793 183
793 606
529 434
529 468
529 540
529 771
468 500
540 502
793 873
468 607
529 167
529 924
167 325
771 512
434 825
793 567
434 321
167 464
167 488
529 261
529 833
529 996
540 599
771 414
924 28
540 708
833 147
924 49
529 743
529 256
529 487
529 282
529 361
529 483
529 905
468 250
771 146
282 222
261 288
833 426
361 988
529 785
529 741
529 308
793 33
771 636
540 240
529 189
996 199
529 852
167 184
529 513
996 564
529 992
529 220
852 142
468 562
167 273
529 589
308 756
256 735
529 920
589 408
924 550
361 163
167 660
529 409
468 808
529 593
189 44
852 156
741 713
282 214
540 944
529 406
529 311
529 24
308 678
924 904
992 820
996 783
905 764
540 596
529 962
529 155
785 968
529 152
529 51
852 531
487 440
155 879
311 363
529 5
741 926
529 251
529 323
155 307
529 22
529 314
529 670
155 948
529 415
311 641
155 980
529 263
771 424
529 230
833 296
529 626
529 31
529 654
251 391
529 880
905 438
529 109
5 693
152 666
261 690
905 809
24 492
529 460
529 775
409 216
529 522
529 613
409 541
314 656
529 577
920 257
529 575
24 681
522 799
230 523
529 506
487 665
529 547
654 813
575 445
670 386
626 917
880 43
529 194
529 2
575 795
460 974
880 407
529 56
406 910
314 23
529 642
529 864
529 865
483 134
529 27
529 295
924 947
529 881
547 368
513 316
529 530
529 587
529 125
529 404
513 601
529 61
529 196
529 671
5 77
282 903
529 788
529 724
547 265
905 875
529 416
529 922
529 700
881 454
529 122
547 378
51 754
529 908
529 635
881 537
529 989
56 9
263 447
743 422
323 1
529 554
468 226
529 357
522 306
529 816
194 971
529 651
416 709
529 767
220 348
989 82
529 355
529 287
905 588
529 65
529 970
924 704
529 47
65 309
361 597
540 19
404 114
308 384
109 120
833 646
529 276
529 425
529 615
125 292
724 898
529 429
547 162
529 469
529 786
529 650
122 664
287 834
922 718
529 498
529 847
529 774
276 682
529 338
323 876
468 683
529 787
311 327
529 571
529 149
468 662
425 990
47 480
905 136
924 939
529 539
529 247
311 68
626 30
587 67
529 451
529 343
27 940
451 590
529 236
529 300
635 570
554 399
529 115
650 53
924 12
529 952
529 105
529 138
530 965
529 90
529 489
529 831
529 907
529 719
529 846
615 542
881 400
529 106
282 633
671 285
529 97
992 45
194 770
529 776
529 556
194 342
125 205
787 755
529 559
529 359
529 423
529 830
429 112
106 358
922 144
529 298
529 998
256 535
529 791
908 223
469 526
529 993
22 169
529 108
529 52
529 86
529 412
529 857
86 605
529 4
529 335
106 689
575 48
189 598
27 906
56 608
529 347
529 229
970 836
700 956
314 210
529 936
831 299
506 672
287 772
149 381
529 510
529 973
429 11
529 177
529 60
529 516
529 231
247 705
788 521
529 374
833 702
108 647
247 620
406 929
529 823
529 337
529 829
529 933
529 814
651 356
936 37
529 801
554 979
831 228
529 648
743 291
529 413
529 622
347 941
650 901
529 779
115 89
529 353
924 63
767 224
654 467
425 803
65 305
529 680
522 117
529 639
529 707
529 815
529 884
529 769
529 958
615 997
295 186
506 747
529 137
622 40
880 130
593 206
506 677
404 882
529 534
529 563
529 594
138 14
529 396
416 838
529 364
529 70
529 317
529 568
311 450
529 649
776 937
529 621
90 95
970 886
865 102
529 58
529 258
639 538
529 180
529 107
529 455
529 80
529 432
905 720
317 872
958 401
529 925
787 219
460 3
323 313
429 994
922 555
621 481
571 473
529 191
823 773
529 845
529 561
529 912
529 623
529 658
786 727
529 221
587 420
529 595
989 324
529 121
529 739
529 545
149 960
962 303
912 784
529 387
177 963
529 935
529 961
779 600
529 461
670 734
529 789
908 293
529 253
468 663
529 119
529 977
529 611
529 443
529 844
529 889
787 315
415 62
561 967
529 869
561 441
785 972
529 987
649 393
529 255
529 170
529 345
833 81
529 824
61 110
529 985
456 669
456 275
456 446
456 619
619 453
456 88
619 244
456 26
453 851
851 336
456 15
456 442
244 217
26 566
217 437
566 271
619 560
456 164
275 832
164 915
336 174
832 558
851 557
669 322
456 954
174 344
456 379
437 684
915 73
244 878
832 818
818 821
344 225
557 543
174 499
446 248
543 71
26 100
456 85
174 234
225 16
16 304
322 569
174 714
437 87
234 546
543 919
546 101
101 638
619 383
100 268
437 362
225 278
821 902
902 800
304 536
546 495
878 372
16 863
863 388
818 207
446 272
388 246
828 728
828 565
565 93
675 862
