998 370
762 231
553 762
749 553
601 749
849 601
584 849
496 584
904 496
790 904
394 790
187 394
894 187
45 894
426 45
12 426
524 12
732 524
36 732
364 36
75 364
634 75
156 634
101 156
370 101
804 370
727 804
747 727
445 747
209 445
255 209
501 255
695 501
951 695
204 951
405 204
811 405
434 811
514 434
706 514
110 706
289 110
345 289
885 345
254 885
179 254
678 179
670 678
231 670
156 643
643 348
643 92
156 63
63 614
643 886
643 620
156 6
156 359
156 870
6 590
643 863
156 403
156 378
156 262
643 241
870 235
156 893
359 424
156 783
262 928
156 375
6 314
156 912
359 612
403 112
375 98
262 754
870 377
156 141
262 736
156 306
156 137
156 465
912 785
156 667
156 586
156 964
375 122
893 542
63 780
156 331
331 696
137 291
137 163
643 495
156 627
156 975
156 276
870 669
63 332
783 371
156 65
403 970
667 718
156 796
63 610
331 27
156 455
262 193
65 328
156 659
137 925
156 87
306 628
893 889
156 860
156 855
586 386
465 249
156 7
975 230
156 685
156 502
783 760
156 520
156 311
156 119
87 106
156 322
156 817
141 485
870 69
156 308
119 479
156 819
311 613
855 597
156 493
156 638
156 46
156 269
7 217
156 675
156 305
269 569
359 367
627 228
156 800
156 86
308 273
46 581
156 858
156 585
817 325
86 993
156 404
276 224
262 504
306 900
156 587
455 845
156 1
86 340
7 830
156 23
156 911
858 526
156 719
156 555
156 221
465 362
796 924
156 521
375 661
156 544
156 477
375 406
860 906
783 538
156 233
305 138
156 464
156 622
502 218
587 920
1 415
555 843
912 624
800 908
156 914
156 59
156 688
156 129
156 684
684 275
156 603
156 984
156 921
156 608
87 944
306 267
156 372
156 206
156 199
86 174
156 430
156 650
156 640
914 723
359 730
156 439
233 143
262 567
585 842
156 938
378 476
156 721
156 729
855 188
156 787
404 857
156 767
63 592
156 288
288 152
156 931
156 390
390 862
156 847
156 89
860 150
585 135
156 280
156 43
684 283
156 851
156 35
156 277
156 768
685 50
156 737
156 716
156 382
156 946
650 189
156 869
156 341
502 605
587 2
156 26
893 459
946 895
156 113
199 484
276 123
156 381
870 599
382 452
382 62
156 918
156 55
113 347
659 120
921 58
63 821
156 799
156 879
847 591
382 25
156 373
521 18
89 771
156 48
288 29
156 848
430 168
870 461
156 96
308 861
129 287
783 548
586 422
921 256
156 945
650 997
359 125
331 604
156 56
156 689
129 960
156 268
206 617
156 562
767 633
984 779
156 438
262 972
156 153
26 774
156 649
86 327
520 350
277 369
156 541
156 292
893 739
914 151
848 57
156 93
156 777
288 880
156 54
156 139
23 805
156 781
156 926
156 260
156 118
381 68
141 973
649 379
719 998
817 756
156 529
156 491
156 658
43 408
156 383
46 864
817 226
156 566
378 558
156 40
638 211
638 909
156 574
59 803
156 543
586 726
156 891
975 980
156 11
93 310
156 16
156 176
156 967
56 930
975 298
689 907
689 948
118 165
156 397
156 734
156 815
156 687
156 635
529 71
649 673
156 272
975 961
156 850
156 215
373 136
156 126
126 400
156 992
869 21
721 701
156 33
156 243
40 943
156 518
156 505
156 789
491 374
156 83
176 463
684 343
322 588
156 820
156 802
89 827
430 301
855 420
156 498
156 646
156 988
156 856
55 979
856 130
734 941
86 240
768 775
156 70
650 905
390 686
156 693
541 480
243 321
156 713
984 444
156 554
688 533
156 503
359 366
156 676
156 691
156 216
156 582
719 814
430 142
847 903
721 82
156 212
35 644
199 508
802 573
566 336
156 940
156 446
156 402
390 976
156 744
918 959
156 983
566 995
156 654
921 344
988 315
23 242
156 593
156 293
156 232
464 901
608 132
156 72
280 707
156 399
650 469
156 755
119 609
156 354
156 710
156 600
156 971
667 99
156 547
156 214
156 898
156 259
26 616
156 330
156 761
156 933
26 968
156 711
156 91
582 929
16 441
608 770
378 536
649 410
341 738
940 636
156 329
156 10
206 745
1 965
931 186
156 602
54 257
381 651
354 625
912 51
232 102
156 356
156 511
879 758
232 942
156 816
156 30
156 626
156 916
464 535
156 326
156 178
126 471
156 568
156 427
156 387
685 309
83 978
156 468
153 481
156 31
543 295
59 365
505 831
156 94
156 81
156 195
511 552
126 722
153 389
156 13
354 969
156 489
156 579
156 677
156 105
156 166
520 319
156 458
156 334
650 757
498 530
403 846
156 247
931 545
676 487
593 570
156 776
984 282
156 512
156 79
156 742
511 173
63 839
541 407
156 672
156 619
156 917
650 391
156 766
13 594
373 825
156 197
156 540
156 361
891 396
156 950
156 236
156 657
761 653
156 49
26 663
156 482
156 360
156 67
649 666
63 250
156 647
156 203
574 515
727 994
727 884
727 238
727 692
692 346
994 630
238 497
727 144
884 836
692 934
727 355
727 201
692 835
727 28
884 76
201 731
727 435
994 838
884 456
727 871
727 409
871 419
28 578
727 813
727 229
727 655
727 557
727 401
727 337
727 304
727 798
409 824
201 690
304 833
201 829
727 810
557 565
201 660
727 385
871 124
727 989
385 271
813 128
727 715
655 703
727 887
28 342
144 937
727 175
727 131
727 987
692 877
401 834
655 962
727 674
727 436
887 478
727 621
655 632
727 793
727 576
994 985
692 753
401 910
715 191
355 338
871 694
409 447
727 184
385 85
355 564
727 874
727 618
229 902
887 506
987 172
727 213
727 307
727 248
435 303
727 598
715 556
727 274
727 551
727 606
727 20
618 580
884 117
727 550
994 352
793 145
884 164
727 751
727 41
727 423
727 3
144 127
674 198
793 888
727 284
727 735
727 205
727 431
175 809
727 227
674 652
727 442
727 720
727 492
727 913
492 531
727 158
727 665
727 97
175 837
727 952
727 252
727 160
727 149
674 577
884 171
874 24
385 443
727 225
149 865
727 245
727 312
227 724
727 414
727 986
952 258
813 457
884 852
618 534
665 428
20 759
727 380
727 388
727 607
727 717
727 265
874 546
884 207
229 19
727 104
265 8
284 223
727 398
727 47
557 88
312 919
727 892
727 832
727 38
435 936
727 279
674 788
727 532
884 844
727 162
720 114
337 915
618 180
727 161
304 177
388 52
398 668
751 806
727 922
557 60
727 454
727 982
665 708
47 629
401 697
727 261
557 656
727 432
665 671
304 4
144 462
423 991
284 234
727 499
727 181
727 170
727 278
162 563
414 764
227 296
727 539
727 412
727 572
727 705
655 157
532 39
201 299
442 878
727 167
727 148
727 294
665 182
727 302
607 795
727 475
727 801
727 812
727 682
727 313
727 429
492 134
727 467
727 351
874 702
727 208
727 875
727 140
160 281
3 648
665 899
144 472
727 5
727 44
727 896
727 416
312 202
238 683
727 818
727 642
727 413
38 219
385 393
380 194
705 517
231 883
231 996
996 411
231 923
231 808
231 121
231 828
121 841
231 549
828 335
923 349
231 37
828 270
923 519
231 318
231 159
828 773
318 873
808 840
883 376
231 583
923 147
231 957
231 425
808 9
231 637
37 222
231 437
231 897
231 662
231 300
318 418
231 681
897 500
37 34
231 537
231 155
231 743
231 244
231 977
828 358
537 64
300 108
549 939
583 769
977 486
231 714
231 859
231 752
425 792
681 782
752 470
231 890
121 42
231 17
231 80
231 357
859 974
883 725
357 417
231 823
37 133
231 353
231 183
231 95
231 333
957 527
714 927
231 733
859 704
859 192
231 111
231 363
37 316
996 253
425 190
231 854
231 772
155 317
733 448
828 664
859 712
231 185
231 286
923 641
772 955
231 285
17 392
823 77
183 958
121 522
231 561
957 525
286 22
231 954
231 872
231 100
854 449
954 740
231 115
733 146
231 763
357 963
923 949
231 791
231 320
904 853
904 266
904 246
853 575
853 990
904 528
528 339
528 639
853 395
904 881
904 200
266 932
528 510
266 14
904 421
904 78
421 867
200 645
853 384
246 263
904 324
904 513
881 595
853 451
246 466
421 488
528 947
904 169
528 507
421 680
513 116
881 103
904 700
853 746
421 473
528 786
700 623
700 560
78 876
853 981
904 778
324 460
904 474
200 264
853 368
904 32
904 297
904 709
266 822
700 571
853 741
297 956
297 251
266 797
904 290
32 728
246 935
904 61
904 750
169 453
200 523
853 826
904 107
904 53
778 868
904 73
904 611
528 450
904 784
61 698
474 84
904 210
904 794
709 90
611 631
904 953
290 490
904 699
784 237
904 966
881 559
297 866
904 596
78 196
210 807
784 516
904 765
904 239
904 66
513 109
699 509
32 615
904 74
611 494
45 433
45 589
433 748
45 679
748 483
811 323
811 440
811 154
811 220
811 15
220 882
