1000 108
919 574
35 919
154 35
757 154
503 757
839 503
190 839
493 190
115 493
304 115
16 304
873 16
135 873
61 135
725 61
924 725
105 924
287 105
764 287
395 764
83 395
785 83
801 785
880 801
649 880
662 649
874 662
821 874
195 821
453 195
60 453
577 60
368 577
835 368
708 835
337 708
332 337
386 332
579 386
972 579
547 972
700 547
953 700
889 953
372 889
48 372
409 48
110 409
134 110
815 134
592 815
479 592
666 479
137 666
475 137
955 475
370 955
421 370
823 421
478 823
722 478
938 722
249 938
866 249
752 866
469 752
127 469
1000 127
153 1000
820 153
774 820
357 774
100 357
981 100
265 981
251 265
353 251
923 353
901 923
121 901
319 121
29 319
94 29
661 94
400 661
659 400
382 659
230 382
474 230
11 474
41 11
59 41
404 59
211 404
293 211
881 293
625 881
965 625
289 965
241 289
351 241
875 351
715 875
922 715
152 922
363 152
66 363
710 66
431 710
745 431
888 745
487 888
328 487
563 328
436 563
962 436
44 962
699 44
526 699
144 526
373 144
310 373
931 310
638 931
786 638
780 786
199 780
19 199
207 19
307 207
742 307
8 742
838 8
321 838
408 321
317 408
868 317
534 868
855 534
440 855
193 440
627 193
326 627
979 326
189 979
264 189
322 264
464 322
717 464
748 717
844 748
508 844
974 508
443 974
208 443
510 208
426 510
858 426
867 858
486 867
67 486
673 67
117 673
223 117
235 223
718 235
243 718
677 243
619 677
730 619
257 730
795 257
980 795
778 980
229 778
959 229
523 959
391 523
122 391
645 122
202 645
175 202
477 175
212 477
90 212
900 90
24 900
587 24
629 587
255 629
830 255
740 830
621 740
415 621
704 415
120 704
419 120
831 419
711 831
309 711
451 309
238 451
669 238
161 669
819 161
933 819
362 933
849 362
248 849
709 248
584 709
894 584
876 894
887 876
735 887
375 735
42 375
314 42
306 314
450 306
420 450
590 420
948 590
308 948
960 308
132 960
411 132
765 411
674 765
977 674
164 977
239 164
687 239
496 687
213 496
71 213
118 71
808 118
198 808
12 198
224 12
36 224
143 36
561 143
984 561
173 984
731 173
779 731
64 779
515 64
384 515
642 384
104 642
461 104
511 461
553 511
560 553
37 560
470 37
551 470
45 551
651 45
18 651
982 18
107 982
452 107
792 452
682 792
439 682
522 439
995 522
893 995
594 893
681 594
159 681
898 159
957 898
620 957
69 620
254 69
163 254
639 163
21 639
846 21
952 846
313 952
141 313
50 141
365 50
296 365
149 296
75 149
427 75
583 427
694 583
345 694
628 345
856 628
760 856
397 760
131 397
158 131
734 158
413 734
990 413
236 990
668 236
721 668
813 721
804 813
772 804
205 772
895 205
196 895
258 196
490 258
542 490
468 542
151 468
915 151
556 915
331 556
87 331
1 87
691 1
842 691
509 842
285 509
788 285
80 788
82 80
324 82
244 324
537 244
814 537
274 814
971 274
455 971
791 455
946 791
784 946
947 784
927 947
975 927
282 975
148 282
28 148
417 28
26 417
53 26
934 53
432 934
170 432
829 170
429 829
123 429
664 123
103 664
705 103
339 705
690 339
109 690
147 109
548 147
97 548
358 97
428 358
361 428
197 361
179 197
40 179
626 40
74 626
484 74
378 484
732 378
335 732
747 335
609 747
167 609
921 167
62 921
181 62
116 181
126 116
656 126
618 656
58 618
5 58
613 5
271 613
728 271
155 728
316 155
113 316
481 113
970 481
568 970
763 568
756 763
222 756
770 222
935 770
20 935
31 20
714 31
65 714
840 65
870 840
25 870
98 25
112 98
936 112
909 936
679 909
343 679
983 343
958 983
751 958
215 751
794 215
928 794
63 928
291 63
433 291
106 433
793 106
582 793
777 582
300 777
861 300
930 861
3 930
951 3
191 951
270 191
405 270
916 405
359 916
342 359
340 342
444 340
737 444
920 737
907 920
632 907
761 632
480 761
892 480
512 892
864 512
810 864
329 810
851 329
356 851
43 356
214 43
675 214
790 675
39 790
803 39
588 803
393 588
23 393
253 23
637 253
712 637
430 712
697 430
200 697
55 200
685 55
180 685
458 180
49 458
162 49
998 162
932 998
698 932
845 698
354 845
739 354
442 739
338 442
17 338
614 17
607 614
438 607
311 438
956 311
462 956
459 462
402 459
256 402
177 256
828 177
165 828
877 165
910 877
73 910
425 73
465 425
992 465
252 992
603 252
884 603
483 884
767 483
729 767
818 729
32 818
273 32
259 273
124 259
91 124
611 91
278 611
157 278
623 157
111 623
130 111
903 130
996 903
686 996
871 686
853 871
201 853
283 201
521 283
374 521
653 374
758 653
76 758
622 76
676 622
859 676
449 859
93 449
555 93
246 555
298 246
944 298
943 944
497 943
221 497
536 221
192 536
292 192
678 292
949 678
171 949
937 171
596 937
516 596
733 516
261 733
367 261
394 367
852 394
940 852
266 940
68 266
854 68
54 854
640 54
680 640
101 680
964 101
494 964
917 494
904 917
27 904
605 27
847 605
762 847
736 762
209 736
398 209
991 398
472 991
352 472
987 352
466 987
891 466
827 891
275 827
533 275
738 533
727 738
850 727
950 850
954 950
706 954
4 706
414 4
169 414
318 169
941 318
532 941
234 532
187 234
346 187
836 346
441 836
570 441
564 570
743 564
33 743
492 33
670 492
963 670
723 963
498 723
403 498
473 403
719 473
966 719
899 966
410 899
437 410
290 437
776 290
305 776
320 305
323 320
178 323
976 178
529 976
961 529
467 961
655 467
665 655
768 665
129 768
825 129
558 825
355 558
260 355
136 260
247 136
399 247
782 399
535 782
896 535
301 896
491 301
817 491
599 817
601 599
759 601
833 759
624 833
138 624
383 138
325 383
744 325
897 744
684 897
377 684
133 377
513 133
872 513
781 872
578 781
576 578
14 576
569 14
633 569
204 633
166 204
978 166
906 978
348 906
186 348
559 186
591 559
78 591
544 78
857 544
242 857
501 242
878 501
146 878
502 146
281 502
379 281
341 379
194 341
388 194
188 388
160 188
81 160
635 81
597 635
968 597
753 968
942 753
334 942
297 334
84 297
769 84
809 769
703 809
302 703
800 302
500 800
783 500
843 783
412 843
72 412
716 72
406 716
775 406
581 775
13 581
566 13
336 566
525 336
552 525
227 552
495 227
30 495
837 30
883 837
882 883
232 882
448 232
545 448
284 545
240 284
445 240
918 445
505 918
615 505
913 615
488 913
276 488
824 276
538 824
528 538
572 528
562 572
218 562
755 218
172 755
886 172
541 886
593 541
848 593
908 848
606 908
540 606
312 540
389 312
841 389
701 841
390 701
303 390
102 303
798 102
929 798
647 929
518 647
217 518
360 217
616 360
422 616
816 422
865 816
683 865
652 683
575 652
999 575
543 999
119 543
789 119
416 789
507 416
434 507
272 434
396 272
92 396
571 92
702 571
86 702
660 86
262 660
925 262
125 925
822 125
371 822
994 371
604 994
939 604
879 939
724 879
99 724
381 99
531 381
499 531
424 499
517 424
796 517
598 796
504 598
657 504
10 657
580 10
672 580
47 672
250 47
216 250
612 216
333 612
294 333
671 294
168 671
38 168
56 38
644 56
364 644
631 364
344 631
554 344
506 554
277 506
527 277
969 527
245 969
807 245
347 807
565 347
34 565
646 34
210 646
15 210
630 15
418 630
997 418
9 997
184 9
826 184
692 826
280 692
773 280
869 773
203 869
658 203
85 658
380 85
89 380
447 89
885 447
176 885
349 176
6 349
648 6
530 648
460 530
797 460
750 797
707 750
890 707
550 890
812 550
832 812
95 832
902 95
905 902
945 905
387 945
366 387
654 366
174 654
989 174
696 989
834 696
435 834
471 435
220 471
139 220
688 139
401 688
595 401
600 595
392 600
299 392
457 299
863 457
741 863
315 741
862 315
986 862
454 986
22 454
142 22
567 142
185 567
57 185
295 57
263 295
806 263
128 806
79 128
720 79
376 720
911 376
771 911
713 771
805 713
799 805
988 799
667 988
973 667
150 973
369 150
423 369
546 423
51 546
350 51
237 350
860 237
802 860
549 802
2 549
219 2
749 219
268 749
754 268
557 754
524 557
602 524
485 602
967 485
610 967
636 610
608 636
463 608
766 463
288 766
286 288
407 286
77 407
231 77
476 231
228 476
519 228
46 519
693 46
689 693
746 689
695 746
489 695
650 489
156 650
641 156
663 641
811 663
70 811
520 70
446 520
993 446
985 993
385 985
330 385
787 330
233 787
585 233
514 585
279 514
206 279
88 206
7 88
145 7
617 145
926 617
912 926
225 912
269 225
327 269
643 327
226 643
114 226
634 114
140 634
914 140
573 914
456 573
482 456
182 482
96 182
183 96
586 183
267 586
589 267
539 589
726 539
52 726
574 52
43 108
